6.0000
16.5529
8.4853
10.8167
10.7703
75.6637
5.0990
7.0711
3.6056
27.6586
10.0499
2.2361
25.3180
15.5563
11.0454
19.4165
8.2462
2.2361
10.0000
24.0416
25.0000
6.3246
9.0554
9.2195
10.7703
9.8489
12.3693
27.2029
12.0416
18.4391
11.0454
29.0000
27.6586
10.2956
42.4500
12.6491
30.5287
79.3221
8.6023
9.8995
29.9666
12.1655
15.8114
11.3137
14.5602
11.0000
35.1283
10.0499
40.0250
10.6301
12.3693
141.8203
3.0000
24.1868
15.8114
19.6469
38.0789
85.4459
11.4018
22.5610
28.4429
3.6056
20.3961
8.0623
35.6090
5.3852
5.0000
115.2128
16.4924
9.4340
25.0799
19.8494
3.0000
22.2036
5.0000
2.0000
3.6056
26.2488
12.0830
8.9443
48.0000
31.8277
8.0000
23.0868
12.7279
8.0623
2.2361
14.0357
25.5539
17.0000
5.0990
45.0000
5.0990
9.2195
9.2195
29.1548
18.1108
55.0091
9.2195
105.3423
6.0828
7.0000
8.2462
8.4853
10.8167
14.2127
57.2800
30.8058
1.0000
3.0000
188.1755
68.0661
3.6056
34.9857
1.0000
4.4721
13.6015
5.8310
5.6569
19.2094
59.9083
8.0623
5.3852
32.0156
53.5350
10.0499
44.7214
19.2354
25.2982
34.0147
8.5440
13.6015
13.9284
6.0828
3.6056
8.0623
48.7955
5.3852
13.4164
11.1803
14.3178
31.7805
12.0416
38.6005
16.7631
5.6569
21.3776
4.4721
11.1803
18.8680
68.9420
5.0990
27.0185
22.4722
9.0554
17.8045
85.5102
17.7200
9.8995
17.0294
15.5563
85.6329
9.0554
34.0000
14.1421
16.1555
13.0384
22.3607
6.4031
1.0000
23.0868
16.4924
16.0000
10.7703
9.4868
5.3852
18.0278
98.5951
33.1210
2.2361
18.0278
10.8167
12.0830
64.0703
11.4018
36.3593
15.2971
48.8467
7.0000
56.4358
10.6301
3.0000
65.1920
26.4197
7.0711
3.0000
12.0416
5.3852
1.4142
81.3204
12.6491
15.6525
11.6619
62.1289
22.6716
17.7200
15.0333
33.3017
7.0711
5.0000
2.0000
7.0711
13.4536
89.5879
17.6918
8.2462
12.5300
3.0000
1.0000
7.2111
7.6158
91.9837
19.8494
21.0950
20.5183
4.4721
12.6491
36.0694
18.0278
26.8328
3.1623
72.5603
5.8310
7.8102
27.7308
5.8310
10.6301
17.0000
8.0623
10.0000
11.0454
6.0000
14.0357
15.6205
5.3852
18.4391
2.0000
16.0000
21.0238
25.2389
64.0078
130.0961
47.2652
6.0000
20.6155
40.3113
41.2311
8.4853
12.2066
6.3246
9.8489
20.5913
12.0830
1.0000
12.7279
29.8329
8.6023
31.0161
12.0416
4.4721
55.7584
110.6436
8.0623
8.2462
7.0000
12.1655
18.0278
21.6333
17.0294
39.8121
62.2415
18.7883
12.0416
7.2801
33.1361
36.6742
54.4059
30.6105
14.8661
84.2912
22.5610
5.0000
30.8058
41.2311
21.5407
10.0499
16.1245
40.0500
11.4018
31.7648
11.0000
14.2127
18.3848
6.7082
4.4721
10.7703
7.0711
9.2195
162.7329
22.8035
12.5300
3.6056
19.9249
43.4166
42.5441
18.4391
7.8102
139.6173
7.0711
8.0623
45.0000
22.3607
12.6491
11.7047
21.4009
3.1623
5.8310
7.0711
15.6525
7.2111
9.0000
6.4031
11.4018
2.0000
115.2476
8.0623
5.3852
14.3178
5.3852
60.4152
22.3607
14.0357
38.9102
14.3178
9.4868
13.4536
50.5964
5.0000
18.3576
3.1623
13.0384
15.5563
12.1655
31.1127
5.8310
18.4391
15.8114
11.1803
3.6056
8.0623
11.1803
14.7648
7.0711
12.0416
5.0990
103.5761
3.6056
40.4969
15.1327
114.1271
7.6158
3.1623
3.6056
26.6833
87.0517
11.7047
16.2788
5.0000
65.5515
8.0623
13.0384
6.3246
13.0000
10.4403
4.4721
22.4722
12.6491
10.0000
15.2971
17.0000
135.0926
29.5466
5.0990
35.3412
4.4721
4.4721
21.4709
5.6569
5.8310
13.6015
13.6015
40.1123
16.0312
4.0000
35.1710
22.8035
6.7082
69.5701
2.2361
2.2361
27.0185
33.6006
5.0990
7.8102
126.7162
5.0000
7.6158
18.3848
48.3011
13.3417
29.0689
27.7849
4.1231
176.2044
91.4822
7.0000
10.6301
72.4707
15.5563
4.0000
31.3050
45.2769
1.4142
8.9443
7.0000
38.2099
6.4031
15.6205
10.8167
12.2066
8.0000
43.3820
2.2361
23.0868
20.2485
6.0828
12.3693
1.0000
15.2315
7.0711
7.0711
35.3553
4.2426
20.2485
26.9258
15.6525
31.2410
11.1803
49.3660
12.2066
5.0000
56.3028
7.2801
6.7082
21.4009
32.2025
7.0711
45.4863
6.0828
7.0000
1.4142
5.0990
16.6433
10.7703
191.9505
5.0990
9.4868
11.6619
15.2643
3.6056
46.2709
4.1231
9.4340
7.0000
15.6205
5.0000
13.0000
30.4138
3.1623
18.8680
12.3693
18.0278
6.4031
62.2896
7.6158
19.2354
17.2047
10.0499
39.1152
9.2195
9.4868
23.0217
85.4927
11.4018
13.4536
22.3607
2.8284
2.2361
32.0000
19.6469
11.1803
9.0554
14.8661
39.4081
6.0828
13.6015
14.1421
9.2195
80.5233
19.4165
1.4142
11.0454
6.7082
3.1623
5.6569
23.4094
32.2490
8.5440
3.0000
13.0384
5.0000
12.1655
17.4929
19.3132
5.0000
37.5766
11.1803
10.6301
7.6158
15.2643
19.0000
11.7047
10.4403
26.2488
7.6158
9.4868
5.0990
23.5372
172.7947
16.7631
9.2195
17.8885
11.7047
14.2127
11.0454
26.2488
74.0945
11.6619
16.5529
13.6015
17.6918
44.9110
17.2047
19.7231
35.1710
13.0384
3.6056
12.3693
183.0874
3.6056
1.0000
18.7883
21.0238
2.2361
4.1231
15.8114
7.6158
21.9545
4.0000
14.3178
42.7200
12.8062
22.0907
38.0789
12.1655
32.1403
7.8102
37.3363
1.4142
15.2971
41.0488
12.0000
17.0000
7.2801
110.1681
10.0000
4.1231
8.2462
17.0880
6.7082
5.0000
17.4642
12.0416
19.1050
37.3363
2.8284
6.3246
32.8938
5.0000
36.6742
13.0000
11.0454
12.1655
121.2477
10.4403
8.4853
89.8888
8.2462
13.4164
53.6004
13.0384
7.6158
38.5876
101.6071
10.0499
10.4403
3.0000
36.6197
48.3735
1.0000
15.1327
2.2361
39.2046
44.9444
0.0000
32.3883
16.2788
66.4003
14.8661
5.8310
74.6525
11.1803
16.6433
9.4868
17.0294
13.4164
40.7063
7.8102
19.4165
39.9625
4.1231
18.8680
16.1555
25.9422
17.2047
6.4031
2.2361
7.0711
19.1050
6.3246
5.3852
80.7217
42.9535
8.6023
7.2111
10.6301
13.9284
46.4866
19.7231
11.7047
9.2195
19.9249
16.7631
16.9706
9.4340
8.0000
7.2111
15.1327
3.1623
75.2728
3.1623
23.7065
22.4722
8.0000
7.2801
23.0868
40.3113
11.4018
9.2195
29.6816
17.0294
16.0000
15.8114
9.0000
4.1231
29.8329
11.1803
7.2801
9.4868
15.2315
14.2127
26.2488
10.4403
22.6274
9.4340
7.0000
22.5610
4.2426
5.6569
3.0000
12.3693
9.0000
10.1980
131.8825
15.2971
12.6491
40.0500
12.0416
33.5410
145.7841
10.1980
29.7321
5.8310
12.0830
10.8167
10.0499
8.0623
25.0599
14.5602
17.7200
10.2956
3.1623
54.0833
79.4040
8.9443
19.1050
125.9365
6.0828
3.6056
50.5668
2.8284
14.1421
31.5753
14.8661
11.4018
9.8489
142.0563
10.8167
12.0416
7.0711
1.4142
11.1803
11.0000
11.0000
4.1231
6.0000
47.0425
165.6050
7.2111
3.1623
8.6023
9.0000
5.8310
10.2956
18.3848
9.2195
1.0000
21.9545
8.2462
6.0828
12.3693
17.4642
21.9317
8.9443
82.8010
9.0000
27.2029
6.0828
92.9624
17.0294
4.4721
5.0000
23.6008
20.6155
7.8102
44.2832
3.1623
10.0000
9.8489
122.3806
47.0425
8.9443
18.3848
9.4340
12.6491
19.0263
14.7648
22.0907
8.5440
9.4868
92.7847
5.0000
4.0000
14.3178
4.1231
9.0554
11.1803
26.9072
31.1127
30.0167
7.2801
94.0053
14.0000
16.5529
8.9443
16.0312
16.1245
20.2485
15.5242
26.4008
36.0555
13.4536
9.2195
26.4764
12.1655
13.9284
5.0000
42.0119
2.2361
35.1710
35.8469
5.8310
72.1249
111.8258
11.1803
8.5440
18.4391
4.1231
69.4622
169.1449
8.2462
12.0830
45.2769
52.7731
5.6569
49.7393
90.8020
137.8441
111.0180
12.2066
2.0000
20.2237
69.1158
3.1623
24.6982
2.2361
127.1928
9.8489
23.3238
29.7321
31.7805
10.2956
32.1403
109.7725
14.0357
10.0000
10.7703
13.8924
110.7655
6.4031
2.2361
12.8062
10.4403
5.0990
1.4142
6.4031
4.4721
24.0208
32.1403
13.4164
17.6918
11.6619
8.5440
12.1655
2.0000
29.2062
6.7082
95.4254
7.6158
6.0000
5.8310
79.2275
7.8102
85.4400
8.5440
2.8284
9.8489
1.0000
39.2938
3.1623
22.8473
4.1231
2.8284
14.4222
39.3954
11.1803
2.2361
7.2111
26.6833
25.6125
12.8062
2.0000
104.4844
1.0000
14.4222
16.5529
1.4142
159.7780
11.1803
2.0000
7.2111
53.0094
17.4642
17.0294
10.4403
61.4003
10.2956
7.8102
93.0860
11.6619
18.2483
12.0416
4.4721
38.0132
10.2956
17.4642
40.8044
6.0000
12.2066
119.2015
18.0278
15.5563
1.0000
12.8062
27.2947
10.8167
11.4018
10.8167
17.1172
8.0623
12.6491
19.0263
18.7883
18.0278
26.0000
8.4853
38.3275
0.0000
16.9706
26.0768
23.7697
8.9443
9.0000
4.0000
16.0312
14.2127
84.5991
14.0000
94.2603
12.6491
14.7648
15.6525
5.8310
10.0499
38.0000
10.1980
36.2491
14.2127
26.4197
74.4648
7.2801
6.0828
17.4642
18.0278
5.3852
7.0711
45.6070
29.4109
6.3246
22.0227
13.4536
7.2801
3.6056
22.0227
14.3178
96.0208
34.4819
9.4340
20.2237
8.0623
