32.5576
18.4391
8.2462
12.0416
37.4433
27.2029
26.4008
11.4018
24.6982
43.3244
32.5576
27.7849
25.4951
38.0789
29.8329
10.1980
28.3196
21.6333
24.0832
28.8617
30.0000
9.0000
30.4138
15.6205
41.7852
39.0000
17.7200
20.3961
15.6205
7.0711
7.8102
12.0416
26.0000
15.2643
27.5862
14.2127
7.8102
30.3645
49.3660
22.6716
34.1760
13.0000
19.2094
8.0000
39.0512
20.1246
16.0312
30.0832
12.5300
6.3246
8.6023
24.6982
13.3417
23.2594
19.2094
26.8328
37.7359
22.1359
27.1662
10.2956
19.0000
23.7065
18.0278
9.2195
11.4018
5.8310
7.6158
32.2490
18.4391
21.5870
19.9249
18.2483
5.0000
38.6264
24.8395
43.5660
13.3417
11.6619
31.5753
53.0000
30.6757
10.0000
32.8024
3.1623
11.0454
28.6007
33.9559
59.2030
40.4969
9.8995
25.7099
20.5183
8.0623
20.5183
39.1152
46.3897
2.2361
7.2111
21.0950
16.4924
22.6274
10.7703
13.4164
29.8329
18.4391
13.0384
5.0990
24.1661
9.0554
32.2490
18.1108
25.5539
23.5372
8.2462
31.2570
17.0000
45.2769
26.6833
10.0000
5.8310
29.1204
26.1725
9.2195
24.0416
31.0161
13.4164
13.9284
15.8114
9.4340
13.3417
15.0333
20.5913
11.6619
23.4307
17.0294
14.3178
18.3848
27.2947
25.5539
7.0711
16.2788
5.3852
14.7648
45.6508
32.2025
39.0512
21.5407
26.8701
40.3113
15.8114
27.8029
25.0200
24.5153
30.6757
18.3848
14.0357
21.3776
13.0000
7.0711
33.0000
19.1050
18.0278
18.4391
26.0000
12.0416
8.5440
16.0312
24.7386
33.9559
14.0357
24.1868
5.3852
5.0990
7.2801
18.3848
16.4012
16.5529
16.4924
7.2801
9.8489
38.9487
49.7293
16.5529
40.0500
18.3576
1.4142
15.5242
11.6619
15.8114
12.0830
37.6431
20.3961
17.0000
13.6015
19.2354
33.0606
21.5407
20.5183
18.2483
10.1980
