200
8
64 20
36 -48
86 -22
-65 41
-87 65
71 82
-19 1
78 -61
8
44 -12
-95 -30
-44 -38
33 76
-81 -42
-59 44
5 16
80 -53
8
52 -31
-18 -33
48 20
-6 28
-29 6
-8 20
94 -77
-41 -20
8
71 82
94 -50
-1 -29
-100 68
76 65
-90 -15
-13 -28
-50 -88
8
43 -37
-5 40
48 -54
-96 -53
87 -30
-36 -20
-5 -41
3 -98
8
12 51
-65 98
-95 -70
35 -23
-96 52
43 25
-73 -86
16 -73
8
51 -89
60 78
92 42
75 -100
63 -58
-44 98
74 15
19 2
8
70 -34
46 76
-30 22
-21 54
27 26
42 -79
-32 -45
39 67
8
13 -63
-60 24
76 46
-15 93
75 -9
-10 -31
-19 -54
85 -52
8
-8 -88
67 -50
41 4
-45 89
99 59
81 -9
-86 58
-71 -96
8
-4 -62
17 93
-10 -94
51 -2
-47 50
-57 -86
78 90
31 -16
8
-10 -91
-26 -57
-16 27
52 -31
-82 92
79 -51
-60 -98
-50 -43
8
-80 -85
-50 -52
79 80
-3 36
17 -62
-99 3
-76 95
2 61
8
97 -35
-18 0
53 81
-49 -25
-68 -97
-85 -2
92 50
18 96
8
-82 25
-89 54
78 -90
94 17
-5 -41
47 77
-72 -53
42 -42
8
-21 -25
5 6
88 -34
74 40
19 -47
9 -45
-52 99
-11 -67
8
-90 -47
31 -99
70 -49
-61 -86
85 83
42 -18
-40 5
63 1
8
-73 -31
69 -96
67 -63
-40 -62
51 -8
27 9
32 80
69 -20
8
-70 67
15 -97
-11 -20
63 -58
-41 91
-86 85
80 17
-47 -44
8
-13 -75
55 80
21 11
20 -70
-53 -66
-96 24
100 33
27 87
8
-67 95
34 85
-18 -64
70 20
3 -95
-98 -44
26 -55
4 85
8
8 11
-74 79
-69 -29
92 36
-8 -88
96 71
-69 -20
-7 62
8
-18 -43
31 -47
-72 -64
-85 -94
94 36
37 98
36 -77
-98 4
8
-73 -93
-5 -45
38 -86
-83 33
-15 -57
-27 -84
34 100
12 -91
8
-55 -87
-57 -5
-36 49
27 -84
-14 -28
-67 88
3 64
60 86
8
-11 63
-42 -47
81 43
78 -99
-54 4
-69 40
2 14
-47 -91
8
-23 54
63 50
39 -21
-33 66
34 81
45 -63
-95 7
50 -80
8
51 -32
70 56
-12 38
15 -33
84 -67
88 -87
38 -56
65 0
8
100 -54
-36 73
-29 94
-44 -23
-54 -11
39 19
93 87
59 94
8
-18 71
30 39
96 42
49 93
-51 -49
37 40
62 60
-53 -95
8
-90 36
-27 50
28 -51
-33 6
-45 99
-99 -63
-54 19
-49 25
8
87 23
75 24
97 -80
42 52
69 -79
-16 -56
61 -30
36 99
8
46 -42
75 61
88 -28
-31 99
-84 37
-33 -88
53 -16
-94 61
8
5 17
100 95
1 -84
54 -94
-54 -3
68 -64
-7 -97
78 -89
8
61 -69
-89 46
65 79
100 -18
-79 86
42 -89
-7 67
-55 -13
8
-88 -36
-19 -41
-67 91
-71 -65
-80 -87
8 67
-52 -12
-43 -1
8
-41 38
-15 30
34 73
34 -32
-3 79
-20 24
-53 -77
-4 60
8
58 -82
81 82
-20 72
97 -44
-17 49
48 8
90 53
-22 0
8
94 -21
77 90
-96 -21
-93 45
-6 -17
8 -79
-18 80
100 -70
8
81 -72
-72 -77
-92 -38
8 -82
25 -97
56 61
3 -55
14 65
8
0 15
-65 52
-39 -4
48 89
9 -83
-2 100
-57 95
32 3
8
-57 41
99 -13
49 -72
-11 -35
-50 61
-44 41
-65 76
-84 -87
8
-29 -75
17 39
39 -41
28 -83
92 40
-69 -11
13 -71
20 -25
8
7 -80
36 -18
-48 -17
59 6
-95 66
97 -54
-74 -78
97 -62
8
-68 68
29 -26
-46 78
-13 -76
-83 -71
93 69
46 -91
63 94
8
-5 80
60 -70
57 83
67 -6
58 12
7 55
33 81
99 -39
8
67 84
94 100
-7 -65
-54 19
-31 -6
56 -38
-4 42
51 85
8
-4 90
-22 55
38 -65
61 5
49 48
67 -57
84 96
-30 -40
8
-79 29
17 10
48 70
11 21
-5 49
-68 -19
32 -8
97 -83
8
-61 42
-54 -39
-17 -66
-65 52
-16 -23
57 -82
78 91
-19 -72
8
89 2
-67 -44
-44 20
69 13
-75 30
62 18
78 77
22 84
8
86 -29
-40 -93
-45 -51
17 58
-42 -10
66 -46
-75 48
-51 13
8
-96 41
68 100
63 -74
-19 -18
-60 -55
-56 -32
73 -66
-53 -19
8
-17 65
-30 -41
-7 -80
-28 -90
34 98
-56 45
84 79
-97 -93
8
-64 -16
9 -84
-34 10
76 82
34 86
98 7
86 -8
26 -70
8
76 -94
-10 38
24 -69
50 64
64 -94
80 88
2 14
-58 94
8
80 -34
-63 -19
45 40
-11 98
-31 -39
-71 37
20 -9
41 92
8
2 44
53 73
-28 -74
-97 60
-16 96
-76 53
86 60
-76 -71
8
11 -8
-4 -54
64 85
53 -23
-82 -59
93 -84
23 -51
6 23
8
-81 -41
18 31
71 -34
-72 -46
-71 33
-21 -25
69 60
67 13
8
14 -33
-40 -49
-68 21
-48 61
-44 -7
63 -16
-40 -68
-42 34
8
-71 -28
-60 -7
-32 7
77 17
13 72
-7 11
41 16
-87 -5
8
56 30
-57 30
8 -76
62 11
7 -94
-96 -63
6 -29
-76 54
8
62 30
68 23
-92 -90
28 -30
-52 -13
-54 8
-62 -62
-76 -75
8
3 1
30 45
-83 -80
23 36
-24 34
-29 -14
-9 82
-70 -50
8
81 -22
-71 -41
-14 -38
42 -74
-68 -46
-17 31
-7 -53
-68 28
8
-15 93
1 76
40 -88
47 -91
23 12
32 -95
34 17
10 86
8
-43 66
-15 82
-38 14
60 -11
43 -91
-21 -15
90 63
35 57
8
-78 -19
-17 66
-60 69
-33 -88
62 -50
-46 57
69 -3
-73 92
8
56 44
-30 -25
19 1
-62 65
-76 5
-83 85
14 80
-97 10
8
93 1
25 -60
-24 84
33 85
19 -79
96 40
-87 -42
-10 -98
8
-95 -29
4 68
-1 30
-31 -44
-66 -35
7 86
88 -81
-1 -83
8
95 78
-48 95
-83 85
49 48
-99 -41
-76 22
-44 92
37 43
8
57 75
52 -18
-12 53
71 39
10 -9
-77 -8
-78 33
64 -40
8
-43 21
20 86
33 -100
9 12
-80 82
-86 -34
28 -4
64 -20
8
84 -43
-29 -13
1 -69
-89 -95
32 78
24 -32
84 -96
-93 19
8
83 47
-2 -91
-9 46
10 -40
66 -39
37 -9
-42 17
-12 59
8
-91 95
96 69
10 -14
-25 -99
76 91
-69 46
-78 61
16 -24
8
-34 -13
88 53
-13 60
-18 92
13 98
-75 49
-39 -54
62 -64
8
80 16
42 -56
-83 78
-19 52
21 -29
26 24
-74 81
-90 -33
8
-28 -70
79 2
100 66
-99 5
13 -49
-52 75
90 95
-100 -29
8
38 33
-89 -86
-71 -50
22 -3
30 -9
95 -95
23 54
5 -71
8
87 47
-48 11
4 -78
-68 -15
86 -9
-100 17
-24 98
-49 70
8
-76 94
42 -92
83 -93
-100 -86
-56 -20
-55 -17
43 -78
45 79
8
-18 -76
-89 97
-29 -77
92 99
-18 -58
9 -12
2 -60
-80 -68
8
-90 -94
7 -38
62 -48
-16 -21
-67 -69
-40 53
32 -12
-18 83
8
82 25
56 24
-83 76
67 77
9 -65
48 -73
-9 93
-1 60
8
75 -85
26 36
-70 21
2 -68
92 -38
-63 -39
79 84
-21 72
8
-47 -90
36 -30
-71 19
-57 57
45 58
-10 54
-16 -27
11 89
8
-10 33
-23 -99
-36 -12
29 75
-32 82
-48 82
67 -75
-39 75
8
-30 -22
-25 72
-98 -71
-83 50
-27 -81
95 87
43 -5
70 93
8
92 -80
-5 -77
-7 68
88 -49
-11 91
-74 69
-77 -29
-92 -43
8
61 -87
-31 -64
-61 -58
100 -72
-52 28
-60 29
97 54
-90 -91
8
-89 -31
24 86
-22 -82
88 72
-69 49
-87 -2
9 72
0 -2
8
-86 28
3 34
56 4
-23 -59
-9 -13
23 76
10 -80
-67 -40
8
94 -39
36 -29
-99 -43
1 70
67 55
21 28
5 -96
-53 -37
8
-66 -58
50 -1
-65 -99
-66 46
48 -2
-1 15
41 -27
28 -9
8
-87 -90
3 28
36 99
-12 62
85 -74
-54 -78
-16 68
-33 47
8
-90 -61
-46 -24
-30 -26
77 60
98 62
-22 79
-10 -83
72 -52
8
-90 -11
61 -45
-94 88
13 -79
70 -71
-42 -100
-38 -84
37 16
8
73 -50
-69 -74
36 -85
-43 24
-75 -30
-24 44
15 30
-53 -58
8
-23 69
-49 76
-27 -72
37 43
25 -91
51 35
2 -46
-17 -76
8
73 52
-29 -8
-89 -5
-59 -92
-42 -99
69 93
-95 7
38 -60
8
-54 79
10 -32
-3 -75
86 -49
47 -99
-58 -64
-26 -56
-100 5
8
21 64
80 62
15 -68
-14 92
30 44
-2 -47
-28 80
-58 55
8
-40 -76
38 34
35 82
-12 21
5 -11
-18 53
3 38
-19 66
8
-61 89
-40 23
54 -81
-48 82
13 61
-49 87
62 -67
-50 -83
8
-34 -51
29 -41
-12 -41
-54 -98
0 4
88 76
-56 98
41 -98
8
74 -64
-65 59
40 1
21 -28
32 -40
73 -55
-27 40
6 -73
8
-35 -57
58 -76
80 -35
-1 10
-51 54
96 -7
-56 100
74 53
8
-36 -68
81 43
-39 -100
40 -59
87 70
-40 -32
-68 -4
-42 -14
8
85 46
93 -64
-54 41
-87 65
-41 63
-12 -6
-41 -35
34 82
8
66 -2
-27 27
10 92
-70 29
37 18
69 57
11 -26
-75 52
8
-12 -3
41 66
75 -11
84 16
-50 -57
-69 -61
-58 -55
14 0
8
23 -66
-8 -62
91 9
-92 90
58 -84
13 45
-54 -91
62 -16
8
-57 -71
-2 -79
-90 -65
75 -90
43 -19
-19 12
58 -27
30 -82
8
-45 3
11 72
54 39
40 -80
-92 -56
0 10
-78 65
85 6
8
-92 51
33 -51
-28 -57
-3 87
9 -21
44 43
-22 -31
73 -2
8
63 -20
70 54
-26 26
-67 9
-51 78
94 8
93 39
-32 34
8
62 100
-23 -81
-68 -36
-69 -19
-98 81
-92 67
42 -61
-74 -16
8
28 89
-88 87
50 -2
99 58
-26 35
-54 71
-18 63
58 46
8
88 -98
-47 -4
-86 75
-28 -22
-73 -67
5 21
-41 88
53 80
8
91 -9
26 85
-52 -26
-77 -78
50 46
-77 -62
-43 -52
-52 -50
8
-59 -92
63 65
-41 -65
71 19
63 -57
63 93
80 -74
88 63
8
47 86
37 -83
-5 -51
-53 -16
21 34
4 -5
-88 91
46 55
8
-55 -69
-32 72
25 26
-79 -59
-24 95
33 -29
-21 -17
-15 -29
8
94 -4
67 -65
19 36
34 -10
78 63
21 -15
-77 31
-92 -9
8
-6 -64
-9 -9
-19 -73
53 60
-77 -84
13 3
95 -33
-86 -49
8
-56 94
-43 -40
-78 59
36 -35
1 -39
68 53
-67 -7
-64 99
8
-33 15
-12 37
14 52
1 55
87 3
-21 -16
-83 -17
23 -30
8
6 -71
-39 -30
41 -66
5 -86
-39 -67
-20 -48
68 47
-78 -71
8
94 33
-69 51
35 17
22 -4
45 35
67 23
-42 11
-94 -26
8
39 -86
-12 -70
-18 -80
-84 -79
59 58
-30 -95
28 -29
-74 50
8
-70 14
36 33
36 -31
-61 87
-55 32
26 -64
-41 -94
-48 -52
8
-38 37
-9 100
-47 -85
-89 42
-22 15
-78 55
-63 72
-17 -17
8
18 16
99 -38
8 31
-76 -22
41 68
13 -89
49 29
-89 -28
8
-37 96
82 34
78 -75
6 31
84 -48
89 -84
-1 14
-48 22
8
31 -77
-57 51
-78 -49
-42 22
-51 -69
-4 81
-1 26
-30 47
8
-30 -7
34 44
-47 -84
75 60
12 57
78 -37
69 16
-84 -26
8
-74 77
-31 52
-94 -12
26 -9
12 -93
82 -68
-38 51
83 -80
8
-34 9
-98 -69
97 -7
70 54
-52 34
-30 66
-86 -80
-31 -89
8
-71 -65
59 27
28 -89
34 33
40 -27
-94 99
36 28
69 68
8
-17 24
94 65
12 -62
17 2
26 79
48 -100
-24 37
54 28
8
1 94
43 -95
-93 43
-45 20
6 -23
30 40
-70 -72
-48 -32
8
89 -12
-35 -71
-9 -90
47 -81
-67 65
83 -70
92 -46
70 59
8
100 -75
77 -7
-40 -8
41 73
-6 91
45 33
62 -87
32 -62
8
-63 -94
62 88
4 -66
51 35
-3 48
80 24
-16 -74
-62 10
8
-58 -63
72 52
-43 30
33 -99
-28 88
64 -81
82 -67
53 71
8
65 -38
50 33
-84 -82
-78 65
100 44
-35 15
23 -71
-5 -42
8
-33 15
-16 -54
60 23
-57 8
-2 -27
90 42
-21 -69
-10 46
8
-34 50
-81 -97
-95 14
71 -43
-47 -37
-12 67
-91 -25
88 1
8
-23 -4
62 -26
97 43
-74 16
69 78
-6 -37
72 44
-98 -54
8
-30 -27
69 -51
13 -39
-88 -67
45 -56
-51 -92
-89 68
10 8
8
41 50
-3 -72
74 71
-85 15
-34 28
-33 -82
-63 38
-94 77
8
-100 -46
84 -31
12 98
71 -44
-97 87
-6 33
47 -16
29 -76
8
61 -35
-94 -83
55 60
33 62
-52 -27
-36 -39
-42 -74
60 -21
8
-52 60
-64 24
-44 -2
57 -77
-25 50
35 -89
-70 -88
53 -98
8
-55 96
95 -94
66 -40
-2 -59
-59 -54
41 73
-42 96
53 -54
8
14 5
43 -7
-50 18
-5 69
13 -10
-23 58
-64 48
-22 51
8
-91 20
-66 -76
-62 62
-96 -19
41 -33
27 74
41 -66
0 -88
8
80 -88
-17 -52
75 17
25 -54
-82 -19
61 4
-51 -70
-75 9
8
92 -25
38 28
-76 -1
-17 -99
24 16
-6 -56
56 29
6 61
8
65 4
42 -45
-15 14
-46 -98
13 -39
23 90
-1 -51
-92 66
8
-73 -89
-75 -42
-65 24
-49 -79
-76 92
-68 57
-62 -11
-16 10
8
53 24
81 -79
-85 -85
-73 -86
13 42
74 -7
-77 -20
66 -19
8
14 28
35 2
59 67
11 -78
59 91
8 -70
36 50
-72 -79
8
-93 -49
-92 -65
-34 37
9 40
97 -16
-40 -33
-55 1
20 -88
8
-12 86
64 -88
-5 39
-63 54
-12 -8
56 60
81 61
-69 30
8
-99 45
-60 -2
32 96
21 42
68 -27
-8 -19
-21 -73
12 -65
8
83 -49
-35 47
-72 48
-84 2
33 98
53 -86
-98 1
65 34
8
74 -20
-74 -76
-32 77
-2 -100
-59 26
-48 -42
26 71
29 47
8
25 -62
-37 53
-35 58
-51 -32
-15 52
-11 -94
-83 27
-2 -10
8
73 -20
78 -19
68 -68
88 -36
-48 -95
84 97
-41 12
29 -67
8
-52 16
77 -1
-37 -30
0 81
53 66
46 68
28 -6
-41 -93
8
44 88
-30 97
-39 16
78 67
-26 29
11 88
-87 -53
26 48
8
-48 -84
93 -16
-48 73
-26 28
50 -3
-36 57
-13 18
-49 -16
8
-66 24
52 -99
-16 -60
-81 17
87 84
77 -23
6 92
93 -63
8
-16 -6
35 90
-89 30
-98 96
-60 -64
0 -2
53 92
-28 64
8
-58 -76
-71 -24
58 88
60 -42
15 -36
-91 -48
98 29
-51 -78
8
-40 -65
46 62
93 -54
-44 -56
53 -21
-19 28
-2 -71
-61 -14
8
-60 -90
-35 2
60 -42
64 75
-69 21
52 -47
-8 40
-89 -57
8
71 95
83 -62
65 15
-58 55
-80 89
-61 13
15 -9
-10 68
8
-39 -78
41 -41
-66 -74
75 82
82 -36
68 97
91 45
39 90
8
-33 42
21 94
50 43
-86 -53
-84 -13
33 -77
-83 50
-30 -38
8
55 -20
-12 -46
45 -99
-82 56
-1 -1
70 6
-3 -30
73 -50
8
79 13
4 1
-22 -90
-36 -13
6 -73
31 -33
46 -26
-21 -91
8
94 21
24 88
39 -49
47 53
9 84
62 76
-69 -44
-13 -54
8
17 59
96 66
23 -55
73 -92
-13 -14
3 56
33 -61
60 -17
8
-87 -15
75 78
-4 11
-46 38
-62 -50
52 29
28 43
-57 -65
8
-57 56
-32 -56
-46 51
19 88
93 -92
96 90
18 -85
96 -55
8
45 -2
65 41
-42 -87
60 87
7 75
-90 8
7 -3
89 12
8
76 -57
80 -77
-31 -80
-21 34
-65 9
-81 96
37 -63
-52 -49
8
-8 20
77 20
-88 -20
-71 -69
-76 41
8 -73
-35 -63
-23 12
8
30 69
58 -66
99 73
87 -10
96 36
-34 -10
19 61
49 31
8
-4 -70
81 19
37 -38
-74 -98
23 6
80 92
32 23
-71 88
8
-83 -90
7 64
36 -29
-34 24
-49 86
-22 -33
71 93
11 -31
8
-20 -39
-38 -73
-23 66
-1 40
-69 -43
61 11
70 43
-89 -35
8
-86 -71
-56 32
-31 -52
-36 -26
12 -83
-8 -64
-16 -38
61 78
8
100 -4
-3 91
87 62
88 -49
-47 4
97 39
98 -26
82 -7
8
-14 -81
-40 51
2 -7
30 37
-38 41
23 84
6 74
84 15
