1
19
22222
22221
22211
11222
10916209
7389077
17074092
3483384
15292056
7171939
9936135
9289754
4105121
11794594
13902829
18544050
5118666
6921454
16170460
10287143
7967167
10049838
10747354
15636279
2249934
5470350
12642818
2091095
8632538
8835031
16851488
15742727
7703141
5960714
6580448
7218757
10880294
17711317
12618126
6088535
10888113
9636117
11189781
13675713
11864827
13454438
8339679
15406879
11333250
10224166
16830021
9704029
9382106
7849005
17336749
7674218
9532723
9939138
9396361
11060704
8149720
17204537
7610213
10656491
17498913
3667329
16837863
12635501
8252643
13872155
10769177
3997967
10326424
3609550
8488023
10059393
8235022
12817853
3592732
8681562
5061854
5963547
2228321
13848605
8650087
12027788
6205243
2925455
5860827
11348664
15615046
9180946
1731289
4038836
9737918
8200488
8910492
15274525
17797185
17968616
16477453
13303316
8983431
3862884
11213821
10759852
19149367
9183156
12392451
4121593
7818876
12369401
10620119
11945859
13571775
5997006
13731105
2416561
4937456
16285847
14066485
9253587
7187486
18497560
16070863
7812434
8114038
12883545
5177301
16200800
9632753
5815907
12257901
11491455
7704989
15943685
9782067
3430876
13415566
9873132
11075849
8354669
8916763
2002143
9795292
10930545
3734760
11341367
16262749
14138149
1633850
2902952
11136158
8314488
17617290
9651268
8509381
13414948
6452320
7122358
14842845
15386831
9789538
6295714
16968049
8003374
4871251
10949300
12661409
9169962
13166998
8095582
8332513
9125240
8579737
10887744
12869830
8498630
6721117
18760495
11528950
7093564
6510994
5453918
9806968
4883552
5605155
2929983
11098213
4834411
10759031
1484279
17943552
12707037
9840198
9008946
9365930
6912340
9059115
3829631
14288743
8432551
17475798
7717971
11052081
12681415
8435008
11945917
13349883
10055994
9853243
5461705
7254791
10870827
9539617
8767646
9492982
9690233
4700016
9241486
8289251
11802788
6257694
2019284
16861849
16393003
13727842
9744618
15280089
17347836
8407524
7008235
13563446
12171500
17095712
14923790
8426786
4457095
7614609
14761778
14764743
4564394
8779626
10230514
5815892
5809701
18207324
6015070
6453129
6757671
14234309
10147571
8099751
15657437
15012687
9895922
12747138
13450647
12764064
6530200
11432744
17765077
8802836
5361244
14739053
16774579
9683732
10570652
11951756
17303042
14930537
5733071
3708372
14510362
12438603
5228847
12130332
13837678
10475793
3965152
5639782
14649080
15645820
6927151
8492316
19110921
10362816
9231165
15856837
4208399
9118769
13855559
6550196
8974198
15689239
11826931
13137828
10675424
1282304
13180847
10175629
13080238
8762754
3748648
8233691
8772740
12290288
15548802
9094323
12245311
13130915
11243460
8800236
2908651
15539397
13494088
10290044
11722855
13122166
7740106
10159187
8674062
4210349
17759963
6813206
7433889
12015690
10960272
7654931
2664881
14064408
14165876
11363227
16935152
8913278
15914116
13810177
8986984
5167760
9052077
12592453
14941529
4575313
16262406
7346353
8247052
12794095
7999791
8449961
7321946
8912971
7829307
6956144
17299170
10194715
16161088
11242909
7034938
14826484
10660370
13308947
12487087
9989642
10434019
11961715
13838719
11238364
8331910
15237962
10190884
10941578
7521088
4238140
5619203
10842226
8720122
13209311
10840134
14557841
11112699
12756474
11498079
14382792
3137063
12925051
12310502
10063037
1102477
16438916
16690170
12912146
9087391
10761562
13079008
12250641
3597058
7635025
11118065
14688343
15819970
5366354
19098295
16666541
11203068
11337741
8907774
7654305
13071823
12472312
12609893
11555792
15295681
5108878
9622020
13630475
10380869
10569831
3390176
7881123
15100399
12674816
3987319
8279830
5536723
17201782
10424789
10807240
1190420
7063512
7950762
9951632
4279446
5873132
17276839
6537853
19361781
8964911
7624196
12143773
12439357
10957993
7807472
15384831
10969251
10231174
11670391
17772476
9492958
6568495
6858135
16367653
9705978
15468631
19068483
13249019
10900982
14168283
10964273
2275142
18052231
9525641
10793918
8959553
7672220
2849571
6670593
8001937
10890025
9359987
14027896
15061192
11775107
10320674
10785597
11770085
16378733
7724510
13220170
8991028
3934261
6329489
14156589
14959423
15671648
12306029
7271106
15217875
18324956
16196818
16017592
12850680
11021711
12524273
3546269
18075763
14156541
13411580
9352010
15254396
12521906
12558237
11048508
15545942
13562865
8470153
6937522
10789777
13351799
14653738
11434055
13730114
16153589
6955767
17245677
10958474
11208387
2891415
4297856
4422051
13686899
12203043
8955634
10045432
5964889
2733427
13612525
6255005
12604176
8169391
7426935
19112369
13558058
8890200
2532180
14570283
11229918
11425423
11696555
4100952
11966997
13471676
602623
12715222
3649312
11045536
12841149
12183491
4077297
6451399
11282665
8549319
11168016
10148014
16944667
11085846
13096417
10179736
8049261
5646288
6459403
10225640
3269933
11471448
17868209
15249800
9488035
15044778
8481915
4812983
3058179
10393202
16335077
11394880
7765508
13139864
6916175
12572593
12336623
6128743
9421202
18960756
8856423
8872827
9199575
7641349
9784050
11961496
7726962
10469195
14679511
10950966
11165453
3540261
3002308
15162813
12431199
17724250
3980871
2750982
15703838
10817740
6111166
8229096
5751410
5945116
11568408
14846775
9932675
8659113
7499829
8539297
10935846
17305691
18048561
10139256
16029275
11879560
9020943
3564696
9532049
8673735
5085088
9398655
10551089
10501951
4752116
5577787
13659056
12914700
13173448
5180166
5589275
5227299
10978884
4547718
11706573
9556068
10916415
12305391
12399453
10186090
11287782
512508
12182338
3371628
11911241
3011896
5894431
7327906
8858236
13896645
12395599
10351422
16691042
15347911
10859672
10506457
15997561
3356011
8283300
8159111
6943983
13847424
9141115
14686683
2672862
8002926
18487058
6177707
17234126
7603344
14319063
5042463
4175310
8022883
5015561
15327720
6495839
7260317
11842494
10932310
13229827
14393179
7003787
17231408
11644054
13875548
14917922
15190385
11926622
5146281
8480033
14718956
8005328
4748220
7659164
12668554
7032289
12076973
10293822
12672924
11773690
4387985
10330450
9848926
15256961
11350596
13246193
14235256
7767706
11140864
8564055
14064317
3629995
2250210
17281806
4011711
15039425
10095098
8622687
17140024
5282141
9510006
9002846
9253163
11595346
7029308
7645635
14760380
8692037
10304165
13804811
12574702
1686903
11613534
5389849
6702625
11237417
13504351
9899857
15332888
10873592
1846916
671275
17369478
8221935
15710804
2733335
13116415
6823871
17212142
16386647
12932372
10823257
5158361
12326537
2562873
9973750
9765806
12883212
14929162
5560755
11748257
6833951
7162601
11883859
12771287
13306548
6055824
6585549
12668297
9279390
12813996
8456847
12755114
15114336
14116338
13565623
3511950
4351134
2491721
9965391
9367050
5069764
12072668
17182021
6667410
11853452
14691481
16999697
13397762
6672634
11915366
10220279
11199587
7529588
13866336
2212293
10731601
6760759
6553114
12811118
7997832
6407735
12059229
11102611
4909271
5042093
17935065
12767733
18813464
6418714
7754680
11418680
14296690
14198118
5046587
11858316
10505299
12381760
12853609
13589953
7568781
5104014
4883061
12186073
9155080
14089983
12909946
8729745
5391683
3782462
14902917
8594256
4153295
7592657
11165929
6316148
4203998
8955542
9308833
12310638
5617505
10814269
11257290
13839836
4196281
12302752
13000138
8297609
13028224
5449689
7880757
2221876
10503750
9731990
12709467
15043928
13065030
11874730
9573837
8248343
17964162
8663877
4832591
10800097
16506561
14714110
13350343
11207465
2274292
12839828
6642348
10072544
1812212
17179813
3988053
16065246
6325073
11873554
7264815
9328616
1888273
7815052
19608953
7129887
11339085
15810271
17404191
8401926
11184661
17839480
3385808
11371792
10617920
5605740
17044317
10988864
11793501
7972550
11264822
16113687
10968774
7348709
12614007
7734591
2461573
7658367
7251828
3074111
10415123
12448455
13146870
12398338
10689229
14370313
5905251
11941964
15620738
11053519
2720186
8116408
7885037
10429417
3552664
6912640
12636591
11229466
11493838
13226026
3327765
13849586
3061448
15947423
10956485
9298590
9641134
10048490
14331978
8108797
616012
6165716
10207164
16152370
11869249
14417180
9631607
10783450
11190956
17197936
13234271
11610711
15490147
6972724
7618528
9417341
8296863
12737881
9781113
9604200
17911986
4302917
4025537
15556302
10365254
14876141
8067125
4332806
10877415
10364740
12829925
15876183
5273775
10875682
11378655
7444968
8968817
13341889
9482385
9115178
9842240
17498238
9871827
13859282
7765780
5951910
6738075
12301034
4171367
16281925
10098090
18599286
4109125
13889472
12253907
12658151
17591850
9997988
4639888
17557864
8321060
12477634
6616292
8274188
