0 0
1 1
0 1
11110 0
11100 0
111 0
715345 7
239912 0
8093242 0
162736 7
6064193 0
2533035 0
2243683 0
4392236 0
42113 47
835344 4
3269753 1
158820 1
645364 0
35262 7
7517922 0
2778099 1
805252 0
484924 1
4626682 0
1513665 1
241237 0
218082 13
3076330 0
216363 3
193937 0
2520493 1
7816666 0
2880565 1
71993 11
1999211 0
797488 4
2020090 0
2857821 0
7843222 0
219696 2
6743 11
4310781 0
2604251 0
2147349 3
3571751 1
5734301 0
250572 1
3541542 0
7701814 0
2352086 0
3492003 0
88827 1
2007070 2
18661 454
502230 4
8109139 0
2679041 0
466849 2
110856 2
47273 3
2725254 0
12210 18
7667241 0
2400876 0
3281277 0
677077 1
506439 4
2844887 1
2789889 1
1268407 3
661592 2
414805 6
758102 2
3118147 0
344050 3
934903 0
3865779 0
1113858 0
4331307 0
1401807 0
549797 4
421217 2
1014510 0
967962 0
1641835 1
1411426 0
5146177 0
131820 0
138453 0
631249 1
2537850 0
1841660 1
1709564 1
432820 0
338732 2
4095283 0
3788531 0
3929706 0
6171603 0
1255829 1
8186827 0
2033605 1
2776096 1
1521795 2
1489626 0
2798401 2
1194073 0
9178661 0
475062 8
1794583 3
684090 0
844902 1
2321420 2
444035 2
3511727 1
5199190 0
39246 86
5540718 0
1091411 0
86878 0
6588903 0
6528264 0
696192 10
169194 3
8901895 0
1773855 1
3627375 0
1543684 1
4574487 0
612789 0
7294236 0
101826 0
283366 6
5850737 0
2319549 2
1572335 0
2663623 1
281811 2
482252 3
911377 2
2036234 0
5462071 0
292589 12
1397496 0
188547 3
556912 0
450821 3
590127 2
2919252 0
6870328 0
5105244 0
684609 0
815623 0
898910 6
857169 0
8619635 0
2733768 1
359988 0
69286 2
1225208 0
537778 9
1615225 1
6311725 0
785014 1
590368 1
8013179 0
1477330 3
22 32
5367568 0
3053315 0
154722 11
1101646 2
896400 1
2216931 1
86878 0
3972575 0
54453 6
2517222 1
831818 2
305097 4
860809 1
4543000 0
3141773 0
1376029 2
255502 15
217974 36
384487 4
1986919 0
182303 0
5195804 0
1036585 1
582659 3
70811 13
731752 1
269525 3
95526 41
2919828 1
1111618 0
1683058 1
387491 3
80621 5
6026678 0
831085 2
1767622 1
1580910 0
1215751 4
2786985 1
99092 67
867489 3
4775742 0
373509 2
1106001 0
796621 0
219243 0
1498528 0
3057549 0
94573 0
2045550 1
3365048 0
2110107 0
1857544 2
109931 9
4527823 0
157374 9
267095 2
6956209 0
8177558 0
644306 1
417219 0
2653675 1
720866 1
2842653 0
1042179 1
4442005 0
3551486 0
7310852 0
2668806 1
3150677 0
416951 0
3744446 0
3500044 1
5598420 0
83914 15
3526806 0
1360072 5
630856 3
1363388 0
717018 1
190741 2
2158796 0
2616074 0
1746047 1
211799 20
301805 12
2496113 1
2270251 1
719166 0
3450032 1
425142 2
4694832 0
1154807 0
3648840 1
1570799 1
1655833 0
1736948 1
5434132 0
1731181 1
145588 3
1278917 2
2939753 2
1492568 1
7018635 0
1415185 1
195192 5
5859928 0
3179229 1
186468 0
5929978 0
2950870 1
511507 0
49410 0
199237 14
4685921 0
2543354 1
565233 0
21648 1
9279626 0
1079218 1
3545844 0
7760354 0
60281 38
1066382 2
2272035 1
501111 4
2729225 0
6982502 0
1512139 2
354072 3
4823943 0
57018 1
5124396 0
2391383 0
3236742 0
4274801 0
290482 5
221484 28
66497 2
521528 3
442424 1
2683885 1
2269068 0
3222912 0
2751804 2
1615551 2
269060 0
6069127 0
4531406 0
3344252 0
2336611 1
1452178 1
938758 3
1642341 1
813616 1
1542758 0
942773 1
25509 0
927626 0
5442697 0
1934162 0
1699910 0
1153032 0
2739764 1
2993768 1
5627457 0
7488402 0
2499634 1
519606 1
3965473 1
1042495 2
389444 3
2450656 0
43291 2
5692836 0
1237 806
2582456 1
79213 8
2706257 0
880192 2
205087 16
2422278 0
3494231 0
51165 1
3074499 0
1582692 1
8078813 0
1256919 6
7474747 0
2698067 1
2871949 0
4850240 1
3210898 0
1720677 1
4361828 0
161943 6
2325843 0
2471422 0
5112472 0
1795414 2
1671760 0
4355558 1
682282 5
1760706 1
1364512 3
678044 3
685376 2
2030468 1
1345858 2
4849099 0
1975049 0
5687240 0
4748092 0
6326482 0
2914543 0
992025 2
1016755 0
6416113 0
2489041 0
3657693 0
16431 1
8121963 0
3192276 1
2178204 1
1035494 6
2130944 1
2290969 2
4260031 0
27819 0
1317665 0
1332522 0
524560 2
6969465 0
2113826 0
345293 1
2723261 1
1080260 3
1445101 4
1793 6
1148548 0
4764397 0
3820949 0
5545318 0
1061702 1
2229869 1
66638 13
1794056 3
436513 1
1097444 4
589574 0
223880 6
3600541 0
5927123 0
635501 2
31021 5
204141 0
1207196 0
2111238 1
2409889 0
2225118 0
358757 0
8835 16
931580 0
2685021 0
898580 1
1259616 0
8158685 0
88715 0
83863 1
203743 3
755182 0
2002587 1
5454247 0
1068617 3
979207 0
6349291 0
1014372 2
1020758 3
4043461 0
2190376 1
1489812 0
903189 1
198531 13
1479215 1
3002741 0
3284933 1
9204499 0
1847237 1
4796212 0
6690276 0
4157534 0
206146 3
1634007 1
3114366 0
2335257 0
1627232 2
3228220 0
94224 0
1489443 1
246277 11
5222051 0
773481 0
3700444 1
2204772 1
980097 4
1661404 4
2857427 1
2633411 2
2211253 1
1511262 0
3341422 1
2111818 2
1112485 0
1132542 0
5357965 0
2076053 1
5740713 0
3097970 0
3589975 0
6143701 0
199878 1
2338860 1
1342554 1
2938788 1
884867 5
1885291 1
231963 1
8307804 0
3530511 1
2686319 2
3056036 0
6267346 0
4408662 0
3575027 0
2162277 0
2679814 1
2466327 1
1998246 0
1733565 0
410745 1
1288847 1
5717649 0
4534447 0
278720 1
1589513 1
125223 28
8083152 0
306704 9
4224863 0
22270 0
408728 1
97779 2
4995164 0
6045126 0
534314 4
2863466 0
641359 4
232127 9
3667259 0
1585079 0
306294 1
2134547 1
1608761 0
9437596 0
6145257 0
40995 86
948335 0
731820 2
150228 5
1981799 0
1269375 4
257426 0
3683628 0
5649160 0
88035 1
4785013 0
317572 3
3185754 0
4413626 0
2809139 1
162922 4
103669 1
1475629 5
1141774 4
548548 1
2813720 1
1794127 1
1439197 0
1747901 1
2067235 0
2825742 0
1162037 0
2508606 0
2043642 0
682631 0
3129855 0
1348707 1
376690 1
383450 0
6593546 0
12855 14
1066624 0
860571 0
4159861 0
883559 1
787252 1
3497087 0
5234110 0
73616 2
1149801 3
2778667 0
1273681 0
793908 1
459282 1
34773 2
2977143 0
1978885 1
1781132 0
3872213 0
2444194 1
572202 2
1203645 4
5774775 0
3955903 0
1336513 3
115097 1
1183033 0
2049801 1
5072128 0
7938479 0
738894 2
724413 0
3915866 1
4795290 0
220960 2
1917843 0
131248 0
290361 0
2187579 2
2321445 1
1327861 1
1234397 3
115374 44
3116069 0
2214836 0
7773493 0
1730835 1
20586 14
7471350 0
3189532 1
2258076 0
1352841 0
3153854 0
481350 8
107056 1
115641 17
4489572 0
73318 2
2008085 0
693056 0
4135466 1
2145126 1
6087843 0
732943 0
950521 0
1553623 1
3846469 0
722037 0
2850009 2
236928 19
4719210 0
682701 2
2299721 1
3464834 0
2494693 0
68880 1
976966 3
362365 0
3127082 0
921086 1
10597 21
210025 0
213930 0
5562391 0
3556281 1
1470039 0
1335990 1
2410097 1
1047334 1
5111567 0
7082072 0
1500064 0
1766285 0
1383704 2
903617 0
4438016 1
1368219 3
6392997 0
493634 1
865119 2
8964384 0
1394447 1
8341613 0
1600608 2
6946929 0
4781 0
86156 0
661379 0
291350 2
4212390 1
451039 9
1559523 0
211113 2
1614598 0
814889 1
1155373 1
59575 3
723144 1
3463442 0
4352322 1
6418550 0
4600957 1
814268 2
617957 1
1149785 0
2592758 1
596423 4
896050 1
3666284 0
5177799 0
1635980 0
2322553 3
524711 0
3774836 1
5820713 0
949205 1
2921810 0
354856 4
6549629 0
35418 2
2896761 1
2719616 1
626485 2
440938 2
1380195 2
6213741 0
144326 0
897578 0
8478071 0
477013 0
300751 1
2126178 1
2658556 0
7378535 0
795052 0
679626 11
2733130 0
988611 1
873684 1
287657 6
1940396 0
1097432 1
4136137 0
879105 9
5546962 0
4558855 0
784581 0
4241515 0
834595 1
771375 4
532932 4
1191383 1
1794153 0
260416 1
602444 2
80466 13
29555 3
1098850 1
1091847 3
3672516 1
732829 1
3519047 1
1062821 1
8541719 0
2480133 1
5869446 0
4997081 0
2473785 0
2184913 1
594135 0
1369177 0
2239122 0
1712602 1
6131323 0
341949 5
4204642 0
614336 4
327386 0
3595679 0
3870124 0
4895166 0
2566809 0
1765674 0
166645 3
1480120 1
4069312 0
3764982 0
302927 2
1341406 1
6487489 0
3495063 1
1158454 0
320182 1
109145 2
2982023 1
1644198 2
718194 0
2462370 0
8166907 0
127266 47
5473340 0
5223528 0
7736033 0
4746305 0
439912 5
1240310 1
1180554 4
2594481 1
3000706 0
1122802 1
193056 2
3098706 0
2631411 0
2635984 0
3620732 0
1028498 1
468152 0
2870366 0
3168437 0
1851608 0
1279485 0
761837 1
3196204 0
1138280 1
1301302 2
644293 8
2557439 0
4379297 0
2423620 1
423969 1
3903692 1
4272691 0
2306040 3
451345 3
1339707 1
186362 10
385025 0
1416104 0
5124861 0
724268 0
4611777 1
5351551 0
245698 10
642202 0
1270772 0
4407725 1
1361661 4
1301755 0
1643435 2
1494006 0
1327406 2
1082140 1
866680 0
3813126 0
2528862 1
273727 1
1005925 6
934308 2
2260010 1
616103 0
4180061 0
2900155 2
2345285 1
2903890 1
2581073 0
1608326 0
70727 6
766799 0
4760529 0
5860950 0
5887460 0
3213657 0
2544970 2
1167525 3
3446283 0
1251660 1
581920 12
384875 6
2247827 0
8139498 0
2344552 1
3634281 0
1779925 1
497387 0
1030388 3
137773 10
1452586 1
219289 0
849491 1
201478 12
1716924 1
298713 0
2698744 1
46485 4
537968 5
487166 0
96808 1
9690708 0
2025864 0
1682013 2
6562841 0
8249679 0
292906 0
73989 1
8560424 0
33866 17
2050010 0
955208 7
2802810 0
8406391 0
4662131 0
3765491 0
3324884 0
1518611 0
7825028 0
475590 7
1475679 1
2879990 0
924767 3
487847 0
2898325 0
2044246 0
695396 2
4177858 0
389083 1
3896545 0
1333514 3
1254289 4
7169544 0
2113738 0
4986653 0
140664 1
612295 1
587675 2
1473480 3
1088569 0
327322 2
351760 6
2143680 0
1548042 2
1684198 0
1744158 3
3416849 0
134861 12
5807150 0
137894 1
7368743 0
2106087 1
274150 19
776550 1
2990213 0
818180 1
2445751 1
72390 0
1909835 0
2422122 0
8041728 0
2104608 0
537708 1
4585058 0
282688 1
990992 3
48892 1
1553713 1
4174563 0
5906152 0
1706606 0
2628306 0
2815165 0
1667316 2
2942101 0
54663 5
676500 9
8770765 0
138449 3
2009873 0
7022509 0
1829760 0
869079 1
566785 3
1159384 1
1618372 0
3994204 0
4833750 0
7877057 0
310879 7
5266347 0
2683200 2
249731 0
4451592 0
639733 1
1049130 2
1213026 0
58256 11
8261585 0
4460204 0
4215171 0
18244 3
3990 263
1695407 0
400988 1
179283 1
1784223 1
4887864 0
8863718 0
784335 0
6927690 0
3374179 0
3259514 0
1498886 1
1725612 3
771737 0
464076 1
619694 5
3805939 0
894172 4
2134483 0
