0 1
10 9
11111 11111
11110 11111
11100 11111
111 11111
9641101 1275108
239912 7149165
8093242 8980850
3068303 415081
6064193 9227863
2533035 4638904
2243683 7692452
4392236 4897518
4020475 84646
9602744 2191850
8586291 5316538
9351435 9192615
645364 4473302
6060680 860774
7517922 8652538
6532621 3754522
805252 7161915
5267381 4782457
4626682 6120672
8574972 7061307
241237 2008697
5095188 375162
3076330 9566488
1622412 468683
193937 8438601
5677762 3157269
7816666 9034822
9311646 6431081
7067212 635929
1999211 3961503
5423856 1156592
2020090 5198667
2857821 8022473
7843222 9868095
8485316 4132810
5581719 506816
4310781 6577332
2604251 7031866
8929173 2260608
8623732 5051981
5734301 6130526
6852505 6601933
3541542 4798137
7701814 7705065
2352086 8981164
3492003 6732163
8459424 8370597
7138376 2565653
9361527 20579
6379650 1469355
8109139 9227610
2679041 4995177
6510765 3021958
6663044 3276094
7059089 2337272
2725254 8335450
7721430 428290
7667241 9537296
2400876 5209337
3281277 7375214
9087995 8410918
3035151 632178
9841375 6996488
7712695 4922806
6506584 1746059
9468634 4403521
9289981 1479196
2918012 1079955
3118147 7208277
2793175 816375
934903 7553120
3865779 6193614
1113858 7121164
4331307 8486546
1401807 2190925
7055209 1626353
3514975 1546879
1014510 4949037
967962 1260359
7745220 6103385
1411426 7238661
5146177 6881611
131820 6073423
138453 2787002
3246038 2614789
2537850 8810814
8728353 6886693
5445255 3735691
432820 1298469
2805468 1233368
4095283 5642635
3788531 4411957
3929706 4980786
6171603 9102922
9526507 8270678
8186827 9781789
9255529 7221924
8039706 5263610
6496219 2487212
1489626 2373258
8408681 2805140
1194073 9565779
9178661 9970706
8215590 967566
9742984 2649467
684090 3437503
4331889 3486987
9020074 3349327
7228091 3392028
7728793 4217066
5199190 8372585
5928526 68480
5540718 8190387
1091411 1325150
86878 4850578
6588903 9696944
6528264 7538221
8475642 777945
5432913 1754573
8901895 9595665
8922359 7148504
3627375 4185059
4828861 3285177
4574487 8309058
612789 4564512
7294236 8906564
101826 9530927
5025544 790363
5850737 6407164
8434153 3057302
1572335 6132654
9303654 6640031
6615315 3166752
2693720 737156
9247503 4168063
2036234 7836898
5462071 5613778
7734509 620160
1397496 7519267
1548744 453399
556912 9238380
8310614 2619931
2686549 1048211
2919252 8422115
6870328 9392421
5105244 9032905
684609 949241
815623 2087329
9673694 1462464
857169 7457319
8619635 8997655
6192518 3458750
359988 8149393
8966394 4448554
1225208 5227112
6463900 658458
8229035 6613810
6311725 9075106
5287276 4502262
3443041 2852673
8013179 8954870
6371863 1631511
4723638 147613
5367568 5581732
3053315 9608094
8418692 751270
9145214 4021784
4495991 3599591
5274722 3057791
86878 9038362
3972575 4607162
9340131 1547613
7693526 5176304
5943026 2555604
5437913 1283204
9810652 8949843
4543000 6985950
3141773 3951791
4799339 1711655
5129017 324901
9547806 259162
3983739 899813
1986919 3618236
182303 2747680
5195804 5902409
2935498 1898913
8214938 2544093
1383317 100962
9337652 8605900
9597659 3109378
9608182 232016
5964387 3044559
1111618 8254312
4297699 2614641
6891209 2167906
3204796 624835
6026678 8262065
5898729 2533822
9621710 7854088
1580910 6137061
9084815 1967266
7734200 4947215
8312421 122587
9176310 2769607
4775742 8574141
6828499 3227495
1106001 8747242
796621 4665084
219243 7035548
1498528 9372299
3057549 6482068
94573 8673073
5769266 3723716
3365048 6325185
2110107 2589909
6780172 2461314
7471319 817932
4527823 7274965
5647662 610032
1435221 584063
6956209 9905640
8177558 8215445
7186074 6541768
417219 9327399
8966882 6313207
9034351 8313485
2842653 5564871
4025207 2983028
4442005 9121441
3551486 8620014
7310852 9784860
8796298 6127492
3150677 5276109
416951 4040144
3744446 3870163
9130911 5630867
5598420 9166323
4284364 280030
3526806 5252820
8752107 1478407
4519633 1296259
1363388 4446313
9462171 8745153
4073627 1941443
2158796 4294333
2616074 4141597
7990178 6244131
9674439 473132
7499909 599842
9076775 6580662
8641469 6371218
719166 9176756
8098585 4648553
9108812 4341835
4694832 8069232
1154807 5375393
7540792 3891952
9667938 8097139
1655833 7147003
3549096 1812148
5434132 9304921
9252880 7521699
7299196 2384536
7473407 3097245
8947755 3004001
9397805 7905237
7018635 7911902
3574128 2158943
3122842 585530
5859928 8650434
7808916 4629687
186468 5042379
5929978 6200354
8394274 5443404
511507 9964286
49410 3915742
5277079 362703
4685921 9963159
9094587 6551233
565233 6361918
4256982 4235334
9279626 9831295
5721017 4641799
3545844 5685321
7760354 8096483
4102037 106362
6434640 2684129
8063797 5791762
5340379 1209817
2729225 6244973
6982502 8706737
8388667 3438264
9941889 3195939
4823943 5851481
669661 612643
5124396 8056451
2391383 7784246
3236742 9843496
4274801 4487953
3172287 576361
7957408 276283
5870659 2902081
9348098 2942190
7995613 7553189
5889104 3205219
2269068 9976243
3222912 9908003
8412908 2830552
6405341 2394895
269060 2639591
6069127 9470270
4531406 8962682
3344252 6945792
7029733 4693122
7287172 5834994
6039769 1700337
5900764 4258423
4743839 3930223
1542758 2667591
9351368 8408595
25509 6787697
927626 6506263
5442697 6572993
1934162 9026110
1699910 5955021
1153032 1511849
8402086 5662322
8579822 5586054
5627457 5735770
7488402 9446750
5706456 3206822
8216861 7697255
8887825 4922352
6338821 2648163
3973181 1194579
2450656 6601421
8409399 4183054
5692836 9248693
4569645 5668
9422431 6839975
6538893 807460
2706257 5540795
8822794 3971301
7541279 458512
2422278 6027683
3494231 3827715
4482068 4430903
3074499 4754808
4269418 2686726
8078813 9220357
8917887 1276828
7474747 8686341
6970488 4272421
2871949 4162989
9838362 4988122
3210898 7449472
7514812 5794135
4361828 8125259
8585685 1403957
2325843 8108176
2471422 9490293
5112472 8726247
8090714 3147650
1671760 6660150
9796760 5441202
8606117 1584767
6351142 4590436
5981944 1539144
3348116 890024
3974594 1644609
6436347 4405879
6262034 2458088
4849099 8360212
1975049 8865085
5687240 8870601
4748092 6364607
6326482 6429992
2914543 8583536
9919203 4463589
1016755 2120308
6416113 6508938
2489041 9821461
3657693 6405344
559454 543023
8121963 8316953
9941223 6748947
7545175 5366971
7937120 1150271
6446253 4315309
9482995 3596013
4260031 7990610
27819 3569239
1317665 6317360
1332522 9785543
9967082 4721261
6969465 8850505
2113826 3252528
9721794 9376501
9694901 6971640
8672366 2530702
9359213 1978528
7635491 1272283
1148548 6505757
4764397 8307426
3820949 8651363
5545318 7064575
6308747 5247045
8762775 6532906
4748718 360160
7665029 1956991
7033494 6596981
8524184 1856685
589574 9980257
2937848 452328
3600541 4280582
5927123 9173276
8661711 4013105
3327936 659383
204141 8075689
1207196 4329527
9656510 7545272
2409889 8014900
2225118 8582122
358757 831663
6648531 414981
931580 7019182
2685021 7266611
2589013 1690433
1259616 4613516
8158685 9118154
88715 6449138
9722822 9638959
6774619 2190292
755182 6869014
7073180 5070593
5454247 6985110
8485649 2472344
979207 6828265
6349291 9035540
7650958 3318293
7928570 2302604
4043461 7626930
9981426 7791050
1489812 8003146
3735842 2832653
6382449 475686
8923434 7444219
3002741 6703237
9376782 6091849
9204499 9863984
7548128 5700891
4796212 6104770
6690276 7478007
4157534 6806739
1757893 517249
9843119 8209112
3114366 6411275
2335257 8458661
6515446 2444107
3228220 4444000
94224 2755347
4080018 2590575
7355632 646305
5222051 5667974
773481 8586506
8864170 5163726
8632982 6428210
9616105 2159002
8588820 1731854
6821512 3964085
8724527 3045558
9294993 7083740
1511262 6213248
8280796 4939374
6697958 2293070
1112485 2821776
1132542 5196947
5357965 8798624
8517738 6441685
5740713 9930935
3097970 9208059
3589975 3681131
6143701 9074174
9262417 9062539
9267839 6928979
8680073 7337519
7894734 4955946
9332237 1689474
7204782 5319491
1889116 1657153
8307804 9767959
8843526 5313015
9836493 3575087
3056036 6295974
6267346 8987050
4408662 8113244
3575027 8983210
2162277 8886231
9112878 6433064
8014596 5548269
1998246 6471907
1733565 5203957
5600261 5189516
7320323 6031476
5717649 8936089
4534447 6899608
7004417 6725697
8871551 7282038
6720231 235536
8083152 9162525
9893297 1065177
4224863 6983524
22270 2869145
2353292 1944564
2980627 1441424
4995164 8691735
6045126 6157917
7271370 1684264
2863466 7181966
4900183 1064706
2483297 250130
3667259 9945266
1585079 4669926
6455235 6148941
5151969 3017422
1608761 5818174
9437596 9674773
6145257 7412801
8788485 101715
948335 1583845
9957462 4612821
9383303 1846615
1981799 9443624
9611119 2085436
257426 3843526
3683628 8283369
5649160 7822516
345329 257294
4785013 7930209
2816377 832935
3185754 7859782
4413626 8427523
7496315 4687176
3294422 782875
3277534 3173865
9648159 1634506
7067810 1481509
5858282 5309734
6480867 3667147
9369397 7575270
1439197 9646649
7422159 5674258
2067235 8112501
2825742 5223519
1162037 4484251
2508606 3950797
2043642 8181998
682631 2587302
3129855 8341593
9608458 8259751
7813245 7436555
383450 9104585
6593546 8451232
7917311 564604
1066624 3746359
860571 2197608
4159861 6233341
8609318 7725759
6091066 5303814
3497087 4268421
5234110 7905754
4635322 2280853
9716895 2855698
2778667 9557956
1273681 4855062
5107555 4313647
9710019 9250737
5915873 2940550
2977143 5895684
5589230 3610345
1781132 5860217
3872213 5911837
7202845 4758651
5342042 2384920
8616085 1853110
5774775 8904736
3955903 6995063
8708218 2457235
1827679 1712582
1183033 1819275
8606307 6556506
5072128 7359071
7938479 9785771
2900212 1080659
724413 2026569
9809852 5893986
4795290 6022450
4147764 1963402
1917843 6311253
131248 5620162
290361 5654755
8441465 3126943
8584110 6262665
5630268 4302407
6802934 1856179
7335730 164099
3116069 5423228
2214836 8721010
7773493 9532198
9889698 8158863
9464678 674578
7471350 8557925
7534546 4345014
2258076 6762867
1352841 2211855
3153854 6378195
7763470 910265
2596072 2489016
8882932 515723
4489572 6061517
7025740 3476211
2008085 2744031
693056 4884731
8897261 4761795
7529913 5384787
6087843 7085605
732943 4447223
950521 4638754
3390461 1836838
3846469 7132415
722037 3825681
8754385 2952188
9090111 465957
4719210 6197205
8431161 3874230
7349587 5049866
3464834 6721256
2494693 8793089
290694 221814
9380995 2801343
362365 3009263
3127082 8784159
1966491 1045405
5626984 267447
210025 7117881
213930 8644306
5562391 8334254
7975940 4419659
1470039 8881383
9013516 7677526
8879004 6468907
5953503 4906169
5111567 5394890
7082072 8915489
1500064 1855947
1766285 6517015
5900642 2258469
903617 6040366
9142720 4704704
7197891 1943224
6392997 8293686
1583248 1089614
5623657 2379269
8964384 9522674
3786077 2391630
8341613 8892513
5602432 2000912
6946929 7372134
4781 5037682
86156 4089154
661379 7361504
3440824 1574737
9770055 5557665
5891359 604480
1559523 5700794
7965367 3877127
1614598 9317712
7022358 6207469
7774276 6618903
5267734 1736053
8977276 8254132
3463442 8180612
9113935 4761613
6418550 8499372
9895671 5294714
8222504 3704118
2882119 2264162
1149785 7330248
8655857 6063099
6523547 1481781
2822135 1926085
3666284 3992880
5177799 7490755
1635980 5396309
9638368 2438605
524711 9769111
8223880 4449044
5820713 5952977
2668595 1719390
2921810 7408640
7950112 1898814
6549629 8707332
7578870 3771726
8071477 5174716
8477436 5757820
5387299 2380407
7574222 3566642
6169435 2394620
6213741 7850576
144326 3485669
897578 1352632
8478071 8803735
477013 3534698
7670088 7369337
6110638 3984460
2658556 5964131
7378535 9761489
795052 4487089
8774141 735865
2733130 6269716
5120887 4132276
6234515 5360831
6066215 963093
1940396 5705239
7928906 6831474
4136137 4555900
9361659 942506
5546962 8257849
4558855 8015847
784581 902322
4241515 7372019
3112222 2277627
5516375 1186250
9096520 2140897
7347867 6156484
1794153 8105704
7796652 7536236
7449876 3423716
1720741 126175
510845 160430
9234164 8135314
6439413 1782522
9691660 6019144
1733082 1000253
8317731 4798684
3943346 2880525
8541719 8670423
9433390 6953257
5869446 7062926
4997081 5826176
2473785 2684576
7255725 5070812
594135 1968738
1369177 8604573
2239122 7526684
7297907 5585305
6131323 8797839
4690954 869801
4204642 7543615
5590028 1243923
327386 6835215
3595679 8288180
3870124 8901163
4895166 8411382
2566809 3489015
1765674 4819875
9542884 3125413
5379755 3899635
4069312 8744684
3764982 4691865
8604385 4150729
8227871 6886465
6487489 7628849
8530343 5035280
1158454 2353496
2335658 2015476
1697529 794192
6473707 3491684
6792766 2574284
718194 4351570
2462370 9610298
8166907 9015114
6531157 136253
5473340 6380112
5223528 9467953
7736033 9263664
4746305 8651457
5633847 1038787
6577838 5337528
8412334 1807945
6897034 4302553
3000706 4528882
7494569 6371767
1539214 673079
3098706 7632895
2631411 4129348
2635984 3917130
3620732 9190386
4513165 3484667
468152 5939583
2870366 9188863
3168437 7934174
1851608 3057663
1279485 3762608
9348451 8586614
3196204 9571529
9975872 8837592
4712910 1705804
6964637 790043
2557439 8861241
4379297 9917393
8310869 5887249
2735278 2311309
7881004 3977312
4272691 6232608
9862830 2518930
9753043 3100566
7464830 6125123
6897652 671129
385025 4718989
1416104 3466957
5124861 7061212
724268 8430812
9350880 4739103
5351551 7558395
7958468 771277
642202 4749481
1270772 2511690
9655321 5247596
7147737 1446519
1301755 2851540
5609583 1983074
1494006 9671923
4653234 1662914
2643069 1560929
866680 8088862
3813126 5495707
7419750 4890888
2945616 2671889
9413077 1401192
7816296 3440994
8049923 5789913
616103 3580178
4180061 8122691
9633477 3366661
5321447 2976162
7966057 5062167
2581073 2868616
1608326 6272431
1914569 307307
766799 9736951
4760529 4971461
5860950 6848517
5887460 9156468
3213657 9851373
8764810 3109920
7472259 2101578
3446283 4802060
9607911 8356251
8042188 621689
4197203 635388
2247827 8552270
8139498 8367063
8529331 6184779
3634281 9716062
6493695 4713770
497387 1776905
9887468 2952360
6051023 591325
5762565 4309979
219289 1592923
9014652 8165161
3696778 291275
8891085 7174161
298713 6026360
7286149 4587405
5821149 1443666
7863508 1465108
487166 1401107
3955930 3859122
9690708 9918245
2025864 5104023
8120061 3219024
6562841 9247430
8249679 9154512
292906 8109020
5629325 5555336
8560424 9279056
3199589 186219
2050010 9321782
9410081 1207839
2802810 2802930
8406391 8637926
4662131 6326733
3765491 8028010
3324884 4647666
1518611 9746211
7825028 8288659
9657126 1311648
4412194 2936515
2879990 9734017
6032135 1702456
487847 1973726
2898325 4760042
2044246 5207582
2281206 792905
4177858 6237265
6418769 6029686
3896545 9250325
9632132 2766206
8802241 1886988
7169544 7200769
2113738 3791513
4986653 6955311
7880701 7740037
5832907 5220612
2009349 710837
6455676 1660732
1088569 6796468
7062052 3367365
3095392 457272
2143680 4768960
8940408 3696183
1684198 9545268
9056418 2437420
3416849 9809177
3082157 245608
5807150 8042436
1599671 1461777
7368743 8578680
6531286 4425199
8847368 451222
5208842 4432292
2990213 7058277
7575079 6756899
5277274 2831523
72390 543622
1909835 4255881
2422122 7785042
8041728 8110642
2104608 9764641
7477444 6939736
4585058 5046549
5533069 5250381
8640965 2549991
8623414 8574522
7393992 5840279
4174563 7436148
5906152 9583995
1706606 5266118
2628306 4990222
2815165 6602176
6087014 2209849
2942101 9795780
8160038 1621075
8711430 892770
8770765 9141221
3261800 1041117
2009873 2015664
7022509 8533793
1829760 8535494
7872610 7003531
6192040 1875085
2746095 1586711
1618372 9259043
3994204 6370536
4833750 7996175
7877057 7999126
4653413 620362
5266347 5609335
8480170 2898485
249731 7195237
4451592 4517225
6990811 6351078
6671300 2811085
1213026 7902152
9026908 815332
8261585 9236653
4460204 5411623
4215171 9644111
5828896 1936884
5929380 22530
1695407 5042668
6351011 5950023
2175325 1996042
9033074 7248851
4887864 5210226
8863718 9735568
784335 3324790
6927690 6961782
3374179 8879728
3259514 9398637
9545368 8046482
7929894 2068094
771737 3868151
9010970 8546894
7037499 1283561
3805939 8671695
5471868 1144424
2134483 6139705
