1
1
0
1
11
11000
8365993
6909253
887608
2653222
3163670
2105869
5448769
505282
3935829
7410894
3269753
158820
3827938
5199906
1134616
2778099
6356663
484924
1493990
1513665
1767460
4720026
6490158
1153729
8244664
2520493
1218156
2880565
6431283
1962292
4267264
3178577
5164652
2024873
4352506
5074903
2266551
4427615
6668565
3571751
396225
250572
1256595
3251
6629078
3240160
88827
4572723
9340948
4910295
1118471
2316136
3488807
3386950
4721817
5610196
7293140
1870055
2808461
4093937
677077
2402973
2844887
2789889
4760525
5065113
7810785
1838057
4090130
1976800
6618217
2327835
6007306
4155239
789118
5428856
1968096
3934527
292397
1641835
5827235
1735434
5941603
2648549
631249
6272964
1841660
1709564
865649
1572100
1547352
623426
1051080
2931319
1255829
1594962
2033605
2776096
4009007
883632
5603541
8371706
792045
7248024
7093517
2753413
844902
5670747
3836063
3511727
3173395
5860046
2649669
233739
4763700
3108041
1009957
7697697
3678340
693770
1773855
557684
1543684
3734571
3951723
1612328
9429101
4235181
556427
5376851
4560319
2663623
3448563
1956564
5079440
5800664
151707
7114349
6121771
1095345
8681468
5690683
1638338
5502863
2522093
3927661
264632
1271706
8211230
6600150
378020
2733768
7789405
4517840
4001904
5805442
1615225
2763381
785014
590368
941691
4740352
4576025
214164
6554779
7667422
5123430
896400
2216931
8951484
634587
7792518
2517222
3387422
4154709
860809
2442950
810018
3087684
4804116
9288644
3083926
1631317
2565377
706605
1036585
5670845
1282355
731752
6488281
9376166
2919828
7142694
1683058
4723303
2579961
2235387
3364907
1767622
4556151
7117549
2786985
8189834
6406703
3798399
3601004
7641241
3868463
6816305
7873771
3424519
8578500
2045550
2960137
479802
4318858
6653387
2747142
5037630
851158
2949431
37887
644306
8910180
2653675
720866
2722218
1042179
4679436
5068528
2474008
2668806
2125432
3623193
125717
3500044
3567903
4004334
1726014
7273700
3223374
3082925
717018
2132184
2135537
1525523
1746047
9201307
6900067
2496113
2270251
8457590
3450032
4766977
3374400
4220586
3648840
1570799
5491170
1736948
3870789
1731181
4914660
4376162
5943754
1492568
893267
1415185
2537312
2790506
3179229
4855911
270376
2950870
9452779
3866332
4914376
5277238
2543354
5796685
21648
551669
1079218
2139477
336129
3995675
3750511
2272035
4130562
3515748
1724235
4950403
6745950
1027538
57018
2932055
5392863
6606754
213152
2595926
7681125
2968578
6405908
442424
2683885
7707175
6685091
5582356
4010446
2370531
3401143
4431276
3601540
2336611
1452178
4339432
1642341
813616
1124833
942773
6762188
5578637
1130296
7091948
4255111
358817
2739764
2993768
108313
1958348
2499634
519606
3965473
3690658
2778602
4150765
4226345
3555857
4563977
2582456
5731433
2834538
4851493
7082767
3605405
333484
51165
1680309
1582692
1141544
7641059
1211594
2698067
1291040
4850240
4238574
1720677
3763431
7181728
5782333
7018871
3613775
4943064
4988390
4355558
7021350
1760706
4442800
2458092
2329985
2030468
3803946
3511113
6890036
3183361
1616515
103510
5668993
5455614
1103553
92825
7332420
2747651
16431
194990
3192276
2178204
6786849
2130944
5886982
3730579
3541420
4999695
8453021
5245821
1881040
1138702
345293
2723261
6141664
7380685
6363208
5357209
3543029
4830414
1519257
1061702
2229869
4388558
5708038
436513
6667499
9390683
2485520
680041
3246153
4648606
2668553
7871548
3122331
2111238
5605011
6357004
472906
6233550
6087602
4581590
898580
3353900
959469
6360423
83863
4584327
6113832
2002587
1530863
6013305
5849058
2686249
4332665
5625966
3583469
2190376
6513334
903189
5906763
1479215
3700496
3284933
659485
1847237
1308558
787731
2649205
1240644
1634007
3296909
6123404
4071339
1215780
2661123
1489443
6709327
445923
7813025
3700444
2204772
7457103
6856966
2857427
5678969
2211253
4701986
3341422
4404888
1709291
4064405
3440659
2076053
4190222
6110089
91156
2930473
199878
2338860
1342554
2938788
7642763
1885291
231963
1460155
3530511
6261406
3239938
2719704
3704582
5408183
6723954
2679814
2466327
4473661
3470392
410745
1288847
3218440
2365161
278720
1589513
6484695
1079373
8828120
2758661
2846875
408728
1539203
3696571
112791
5587106
4318500
3835477
2233167
6278007
3084847
306294
2134547
4209413
237177
1267544
8686770
635510
5344641
7536688
7461825
7525683
3586100
4599741
2173356
88035
3145196
1983442
4674028
4013897
2809139
2511547
103669
8013653
5586301
548548
2813720
1794127
8207452
1747901
6045266
2397777
3322214
1442191
6138356
1904671
5211738
1348707
376690
8721135
1857686
7352707
2679735
1337037
2073480
883559
787252
771334
2671644
2354469
6861197
6779289
3581381
793908
459282
2975323
2918541
1978885
4079085
2039624
2444194
2957122
6762975
3129961
3039160
6250983
115097
636242
2049801
2286943
1847292
1819553
1302156
3915866
1227160
2184362
4393410
5488914
5364394
5314522
2321445
1327861
4946755
7171631
2307159
6506174
1758705
1730835
8790100
1086575
3189532
4504791
859014
3224341
6853205
107056
8367209
1571945
3549529
735946
4191675
4135466
2145126
997762
3714280
3688233
1553623
3285946
3103644
5802197
8624154
1477995
4556931
2299721
3256422
6298396
68880
6579652
2646898
5657077
921086
5359537
6907856
8430376
2771863
3556281
7411344
1335990
2410097
1047334
283323
1833417
355883
4750730
3642173
5136749
4438016
5254667
1900689
493634
3244388
558290
1394447
550900
3601520
425205
5032901
4002998
6700125
1866087
4212390
5286879
4141271
4088240
7703114
814889
1155373
3531681
723144
4717170
4352322
2080822
4600957
4518386
617957
6180463
2592758
5041766
896050
326596
2312956
3760329
7199763
9244400
3774836
132264
949205
4486830
6051298
2157703
3807144
2896761
2719616
3006892
4007580
3774815
1636835
3341343
455054
325664
3057685
300751
2126178
3305575
2382954
3692037
8038276
3536586
988611
873684
5103122
3764843
1097432
419763
8419153
2710887
3456992
117741
3130504
834595
4330125
6955623
1191383
6311551
260416
4026160
1594566
350415
1098850
4656891
3672516
732829
3519047
1062821
128704
2480133
1193480
829095
210791
2184913
1374603
7235396
5287562
1712602
2666516
3821153
3338973
4346105
6507829
4692501
5031039
3516216
922206
3054201
6417471
1480120
4675372
926883
4453656
1341406
1141360
3495063
1195042
320182
903337
2982023
4218482
3633376
7147928
848207
6394904
906772
4244425
1527631
3905152
4595060
1240310
6604389
2594481
1528176
1122802
866135
4534189
1497937
1281146
5569654
1028498
5471431
6318497
4765737
1206055
2483123
761837
6375325
1138280
3007106
6174594
6303802
5538096
2423620
423969
3903692
1959917
7343900
6652477
1339707
6226523
4333964
2050853
1936351
7706544
4611777
2206844
7187191
4107279
1240918
4407725
5701218
1549785
3626509
8177917
2990320
1082140
7222182
1682581
2528862
273727
8011885
4375302
2260010
2964075
3942630
6266816
2345285
2903890
287543
4664105
1607262
8970152
210932
987567
3269008
6637716
5654890
5370681
1355777
1251660
7420499
3561815
6304443
227565
2344552
6081781
1779925
1279518
6935108
5459698
1452586
1373634
849491
3405503
1716924
5727647
2698744
4377483
6398400
913941
96808
227537
3078159
4901037
2684589
904833
7816114
73989
718632
3013370
7271772
8202242
120
231535
1664602
4262519
1322782
8227600
463631
8345478
1475679
6854027
4329679
1485879
1861717
3163336
1488301
2059407
389083
5353780
6865926
6915253
31225
1677775
1968658
140664
612295
1298512
4794944
5707899
3694687
2638120
2625280
5244225
7861070
6618998
6392328
2836549
2235286
137894
1209937
2106087
8396146
776550
4068064
818180
2445751
471232
2346046
5362920
68914
7660033
537708
461491
282688
6090974
48892
1553713
3261585
3677843
3559512
2361916
3787011
3877165
6853679
6538963
7818660
370456
2220683
5791
1511284
6705734
869079
4316955
1159384
7640671
2376332
3162425
122069
4033051
342988
5581685
6945506
65633
639733
3860215
6689126
8211576
975068
951419
5428940
3892012
5906850
3347261
400988
179283
1784223
322362
871850
2540455
34092
5505549
6139123
1498886
5861800
3096414
464076
5753938
4865756
4327444
4005222
