0
0
1
1
1
0
0
11110
0
11100
0
111
7
715345
0
239912
0
8093242
7
162736
0
6064193
0
2533035
0
2243683
0
4392236
47
42113
4
835344
1
3269753
1
158820
0
645364
7
35262
0
7517922
1
2778099
0
805252
1
484924
0
4626682
1
1513665
0
241237
13
218082
0
3076330
3
216363
0
193937
1
2520493
0
7816666
1
2880565
11
71993
0
1999211
4
797488
0
2020090
0
2857821
0
7843222
2
219696
11
6743
0
4310781
0
2604251
3
2147349
1
3571751
0
5734301
1
250572
0
3541542
0
7701814
0
2352086
0
3492003
1
88827
2
2007070
454
18661
4
502230
0
8109139
0
2679041
2
466849
2
110856
3
47273
0
2725254
18
12210
0
7667241
0
2400876
0
3281277
1
677077
4
506439
1
2844887
1
2789889
3
1268407
2
661592
6
414805
2
758102
0
3118147
3
344050
0
934903
0
3865779
0
1113858
0
4331307
0
1401807
4
549797
2
421217
0
1014510
0
967962
1
1641835
0
1411426
0
5146177
0
131820
0
138453
1
631249
0
2537850
1
1841660
1
1709564
0
432820
2
338732
0
4095283
0
3788531
0
3929706
0
6171603
1
1255829
0
8186827
1
2033605
1
2776096
2
1521795
0
1489626
2
2798401
0
1194073
0
9178661
8
475062
3
1794583
0
684090
1
844902
2
2321420
2
444035
1
3511727
0
5199190
86
39246
0
5540718
0
1091411
0
86878
0
6588903
0
6528264
10
696192
3
169194
0
8901895
1
1773855
0
3627375
1
1543684
0
4574487
0
612789
0
7294236
0
101826
6
283366
0
5850737
2
2319549
0
1572335
1
2663623
2
281811
3
482252
2
911377
0
2036234
0
5462071
12
292589
0
1397496
3
188547
0
556912
3
450821
2
590127
0
2919252
0
6870328
0
5105244
0
684609
0
815623
6
898910
0
857169
0
8619635
1
2733768
0
359988
2
69286
0
1225208
9
537778
1
1615225
0
6311725
1
785014
1
590368
0
8013179
3
1477330
32
22
0
5367568
0
3053315
11
154722
2
1101646
1
896400
1
2216931
0
86878
0
3972575
6
54453
1
2517222
2
831818
4
305097
1
860809
0
4543000
0
3141773
2
1376029
15
255502
36
217974
4
384487
0
1986919
0
182303
0
5195804
1
1036585
3
582659
13
70811
1
731752
3
269525
41
95526
1
2919828
0
1111618
1
1683058
3
387491
5
80621
0
6026678
2
831085
1
1767622
0
1580910
4
1215751
1
2786985
67
99092
3
867489
0
4775742
2
373509
0
1106001
0
796621
0
219243
0
1498528
0
3057549
0
94573
1
2045550
0
3365048
0
2110107
2
1857544
9
109931
0
4527823
9
157374
2
267095
0
6956209
0
8177558
1
644306
0
417219
1
2653675
1
720866
0
2842653
1
1042179
0
4442005
0
3551486
0
7310852
1
2668806
0
3150677
0
416951
0
3744446
1
3500044
0
5598420
15
83914
0
3526806
5
1360072
3
630856
0
1363388
1
717018
2
190741
0
2158796
0
2616074
1
1746047
20
211799
12
301805
1
2496113
1
2270251
0
719166
1
3450032
2
425142
0
4694832
0
1154807
1
3648840
1
1570799
0
1655833
1
1736948
0
5434132
1
1731181
3
145588
2
1278917
2
2939753
1
1492568
0
7018635
1
1415185
5
195192
0
5859928
1
3179229
0
186468
0
5929978
1
2950870
0
511507
0
49410
14
199237
0
4685921
1
2543354
0
565233
1
21648
0
9279626
1
1079218
0
3545844
0
7760354
38
60281
2
1066382
1
2272035
4
501111
0
2729225
0
6982502
2
1512139
3
354072
0
4823943
1
57018
0
5124396
0
2391383
0
3236742
0
4274801
5
290482
28
221484
2
66497
3
521528
1
442424
1
2683885
0
2269068
0
3222912
2
2751804
2
1615551
0
269060
0
6069127
0
4531406
0
3344252
1
2336611
1
1452178
3
938758
1
1642341
1
813616
0
1542758
1
942773
0
25509
0
927626
0
5442697
0
1934162
0
1699910
0
1153032
1
2739764
1
2993768
0
5627457
0
7488402
1
2499634
1
519606
1
3965473
2
1042495
3
389444
0
2450656
2
43291
0
5692836
806
1237
1
2582456
8
79213
0
2706257
2
880192
16
205087
0
2422278
0
3494231
1
51165
0
3074499
1
1582692
0
8078813
6
1256919
0
7474747
1
2698067
0
2871949
1
4850240
0
3210898
1
1720677
0
4361828
6
161943
0
2325843
0
2471422
0
5112472
2
1795414
0
1671760
1
4355558
5
682282
1
1760706
3
1364512
3
678044
2
685376
1
2030468
2
1345858
0
4849099
0
1975049
0
5687240
0
4748092
0
6326482
0
2914543
2
992025
0
1016755
0
6416113
0
2489041
0
3657693
1
16431
0
8121963
1
3192276
1
2178204
6
1035494
1
2130944
2
2290969
0
4260031
0
27819
0
1317665
0
1332522
2
524560
0
6969465
0
2113826
1
345293
1
2723261
3
1080260
4
1445101
6
1793
0
1148548
0
4764397
0
3820949
0
5545318
1
1061702
1
2229869
13
66638
3
1794056
1
436513
4
1097444
0
589574
6
223880
0
3600541
0
5927123
2
635501
5
31021
0
204141
0
1207196
1
2111238
0
2409889
0
2225118
0
358757
16
8835
0
931580
0
2685021
1
898580
0
1259616
0
8158685
0
88715
1
83863
3
203743
0
755182
1
2002587
0
5454247
3
1068617
0
979207
0
6349291
2
1014372
3
1020758
0
4043461
1
2190376
0
1489812
1
903189
13
198531
1
1479215
0
3002741
1
3284933
0
9204499
1
1847237
0
4796212
0
6690276
0
4157534
3
206146
1
1634007
0
3114366
0
2335257
2
1627232
0
3228220
0
94224
1
1489443
11
246277
0
5222051
0
773481
1
3700444
1
2204772
4
980097
4
1661404
1
2857427
2
2633411
1
2211253
0
1511262
1
3341422
2
2111818
0
1112485
0
1132542
0
5357965
1
2076053
0
5740713
0
3097970
0
3589975
0
6143701
1
199878
1
2338860
1
1342554
1
2938788
5
884867
1
1885291
1
231963
0
8307804
1
3530511
2
2686319
0
3056036
0
6267346
0
4408662
0
3575027
0
2162277
1
2679814
1
2466327
0
1998246
0
1733565
1
410745
1
1288847
0
5717649
0
4534447
1
278720
1
1589513
28
125223
0
8083152
9
306704
0
4224863
0
22270
1
408728
2
97779
0
4995164
0
6045126
4
534314
0
2863466
4
641359
9
232127
0
3667259
0
1585079
1
306294
1
2134547
0
1608761
0
9437596
0
6145257
86
40995
0
948335
2
731820
5
150228
0
1981799
4
1269375
0
257426
0
3683628
0
5649160
1
88035
0
4785013
3
317572
0
3185754
0
4413626
1
2809139
4
162922
1
103669
5
1475629
4
1141774
1
548548
1
2813720
1
1794127
0
1439197
1
1747901
0
2067235
0
2825742
0
1162037
0
2508606
0
2043642
0
682631
0
3129855
1
1348707
1
376690
0
383450
0
6593546
14
12855
0
1066624
0
860571
0
4159861
1
883559
1
787252
0
3497087
0
5234110
2
73616
3
1149801
0
2778667
0
1273681
1
793908
1
459282
2
34773
0
2977143
1
1978885
0
1781132
0
3872213
1
2444194
2
572202
4
1203645
0
5774775
0
3955903
3
1336513
1
115097
0
1183033
1
2049801
0
5072128
0
7938479
2
738894
0
724413
1
3915866
0
4795290
2
220960
0
1917843
0
131248
0
290361
2
2187579
1
2321445
1
1327861
3
1234397
44
115374
0
3116069
0
2214836
0
7773493
1
1730835
14
20586
0
7471350
1
3189532
0
2258076
0
1352841
0
3153854
8
481350
1
107056
17
115641
0
4489572
2
73318
0
2008085
0
693056
1
4135466
1
2145126
0
6087843
0
732943
0
950521
1
1553623
0
3846469
0
722037
2
2850009
19
236928
0
4719210
2
682701
1
2299721
0
3464834
0
2494693
1
68880
3
976966
0
362365
0
3127082
1
921086
21
10597
0
210025
0
213930
0
5562391
1
3556281
0
1470039
1
1335990
1
2410097
1
1047334
0
5111567
0
7082072
0
1500064
0
1766285
2
1383704
0
903617
1
4438016
3
1368219
0
6392997
1
493634
2
865119
0
8964384
1
1394447
0
8341613
2
1600608
0
6946929
0
4781
0
86156
0
661379
2
291350
1
4212390
9
451039
0
1559523
2
211113
0
1614598
1
814889
1
1155373
3
59575
1
723144
0
3463442
1
4352322
0
6418550
1
4600957
2
814268
1
617957
0
1149785
1
2592758
4
596423
1
896050
0
3666284
0
5177799
0
1635980
3
2322553
0
524711
1
3774836
0
5820713
1
949205
0
2921810
4
354856
0
6549629
2
35418
1
2896761
1
2719616
2
626485
2
440938
2
1380195
0
6213741
0
144326
0
897578
0
8478071
0
477013
1
300751
1
2126178
0
2658556
0
7378535
0
795052
11
679626
0
2733130
1
988611
1
873684
6
287657
0
1940396
1
1097432
0
4136137
9
879105
0
5546962
0
4558855
0
784581
0
4241515
1
834595
4
771375
4
532932
1
1191383
0
1794153
1
260416
2
602444
13
80466
3
29555
1
1098850
3
1091847
1
3672516
1
732829
1
3519047
1
1062821
0
8541719
1
2480133
0
5869446
0
4997081
0
2473785
1
2184913
0
594135
0
1369177
0
2239122
1
1712602
0
6131323
5
341949
0
4204642
4
614336
0
327386
0
3595679
0
3870124
0
4895166
0
2566809
0
1765674
3
166645
1
1480120
0
4069312
0
3764982
2
302927
1
1341406
0
6487489
1
3495063
0
1158454
1
320182
2
109145
1
2982023
2
1644198
0
718194
0
2462370
0
8166907
47
127266
0
5473340
0
5223528
0
7736033
0
4746305
5
439912
1
1240310
4
1180554
1
2594481
0
3000706
1
1122802
2
193056
0
3098706
0
2631411
0
2635984
0
3620732
1
1028498
0
468152
0
2870366
0
3168437
0
1851608
0
1279485
1
761837
0
3196204
1
1138280
2
1301302
8
644293
0
2557439
0
4379297
1
2423620
1
423969
1
3903692
0
4272691
3
2306040
3
451345
1
1339707
10
186362
0
385025
0
1416104
0
5124861
0
724268
1
4611777
0
5351551
10
245698
0
642202
0
1270772
1
4407725
4
1361661
0
1301755
2
1643435
0
1494006
2
1327406
1
1082140
0
866680
0
3813126
1
2528862
1
273727
6
1005925
2
934308
1
2260010
0
616103
0
4180061
2
2900155
1
2345285
1
2903890
0
2581073
0
1608326
6
70727
0
766799
0
4760529
0
5860950
0
5887460
0
3213657
2
2544970
3
1167525
0
3446283
1
1251660
12
581920
6
384875
0
2247827
0
8139498
1
2344552
0
3634281
1
1779925
0
497387
3
1030388
10
137773
1
1452586
0
219289
1
849491
12
201478
1
1716924
0
298713
1
2698744
4
46485
5
537968
0
487166
1
96808
0
9690708
0
2025864
2
1682013
0
6562841
0
8249679
0
292906
1
73989
0
8560424
17
33866
0
2050010
7
955208
0
2802810
0
8406391
0
4662131
0
3765491
0
3324884
0
1518611
0
7825028
7
475590
1
1475679
0
2879990
3
924767
0
487847
0
2898325
0
2044246
2
695396
0
4177858
1
389083
0
3896545
3
1333514
4
1254289
0
7169544
0
2113738
0
4986653
1
140664
1
612295
2
587675
3
1473480
0
1088569
2
327322
6
351760
0
2143680
2
1548042
0
1684198
3
1744158
0
3416849
12
134861
0
5807150
1
137894
0
7368743
1
2106087
19
274150
1
776550
0
2990213
1
818180
1
2445751
0
72390
0
1909835
0
2422122
0
8041728
0
2104608
1
537708
0
4585058
1
282688
3
990992
1
48892
1
1553713
0
4174563
0
5906152
0
1706606
0
2628306
0
2815165
2
1667316
0
2942101
5
54663
9
676500
0
8770765
3
138449
0
2009873
0
7022509
0
1829760
1
869079
3
566785
1
1159384
0
1618372
0
3994204
0
4833750
0
7877057
7
310879
0
5266347
2
2683200
0
249731
0
4451592
1
639733
2
1049130
0
1213026
11
58256
0
8261585
0
4460204
0
4215171
3
18244
263
3990
0
1695407
1
400988
1
179283
1
1784223
0
4887864
0
8863718
0
784335
0
6927690
0
3374179
0
3259514
1
1498886
3
1725612
0
771737
1
464076
5
619694
0
3805939
4
894172
0
2134483
