660
2 6
1 1
1 3
3 1
1435345 1000000007
234345 1000000009
2 999999866000004473
999999344000107559 999999866000004473
999999866000004473 999999344000107559
614992 500503
153733 61667
80579 412214
611234 793778
449396 589586
90184 520022
453310 247449
915143 827757
463426 230129
177315 712935
662334 229585
741546 871990
519478 704845
11989 608176
382462 494329
288281 608825
583643 473150
797540 827182
458747 856373
453218 319694
985382 931520
679829 104489
488782 927227
345236 7951
785708 232101
562569 427142
405118 26105
505713 751887
399444 528168
901438 685474
374277 121190
237325 353947
776388 387797
682200 437856
741336 88315
12546 331658
266000 197855
107786 878238
772411 541486
271675 617937
338002 365281
4424 832647
147335 22341
417917 863364
863329 51368
719443 314129
911249 862198
108625 590357
975818 799971
917428 559551
45624 473473
256867 2476
327965 895921
933837 120451
141056 661245
235533 709759
777463 535775
116664 939755
66446 643529
296884 853066
162836 496060
748323 521572
951822 364180
390245 464700
404322 129402
58934 913495
544746 527884
529289 638502
431726 508561
182553 156160
279943 257180
67393 30
303368 683497
868556 563244
348282 984623
974784 121599
82346 405922
88877 988496
262699 249988
619729 664529
253898 110206
14266 892871
310951 173282
555913 289088
255098 88751
189099 662270
968277 771889
353984 247718
158298 675950
156451 490012
485970 501882
360752 685205
51439 484283
125590 762916
473834 995625
189027 790926
431277 465716
200505 996057
935515 883949
580095 985500
225411 908360
498431 203000
141653 133942
202993 461975
425853 438120
177260 522707
26143 449632
468912 148460
970396 633361
404932 416033
865535 499107
10570 251403
867200 604072
748989 699701
173376 843780
461606 317462
33240 465639
244179 799135
845354 899721
80166 904429
540963 455143
768862 6863
429023 52322
1437 189419
154377 783593
681601 735017
293811 751851
247696 222143
185201 96496
55415 52909
526762 816545
324400 908620
566246 765464
347587 901772
892477 589605
931543 643752
182612 496047
968303 633403
195828 135513
875736 459649
22876 548376
721830 302738
11886 22265
148470884659346388 839513895742508281
226799710635920585 273099327938725699
118276288835054951 157605783727806017
608892971102066758 887579013219146161
794533632751531210 920696238480656972
915563777500704156 999882353918725741
156815910434017859 931320182209888379
695530984217702508 950565462362304101
560281991110007761 845800073183043547
212321757394109866 859806601729122259
231543160296015824 913551646202287849
648005186273437989 829151269520174477
505641095200303012 232192056414769663
481478945456181084 914202027728961440
177600062989133857 928983034872822049
687156592893128851 870402319270561808
818107464362739659 948189333375518719
546883883798572110 823936843196089561
161084139716454055 928657195842981180
379919265357261494 995629388026914601
339699349814947779 963023538165991129
400565042684752150 937280109641733841
204821353441655559 988264042720778209
150971180137799017 884050010842199569
663975633868949099 889345616309770847
409428615884200380 948004228440977569
473207616562842268 860507338114123937
324048034268871013 947352770413917169
620210964235913364 907351604258040380
164485337963532317 843282164788289521
889740499203701483 915492256130859575
296886638358949188 917308350764430941
907043460542292098 903891670594314808
997754206687946729 278577776007464976
745536773412616184 943810596429160951
164103209295707264 970165422204639049
101029865275813189 938230302834828631
879631554901924700 950038012276139597
147045309701120530 824838720599698039
367229661174674215 382932469574021376
727379560313441131 647104332828376537
333351353851017749 464545092679551601
992759324447492849 849647556825067823
759664612884724514 942487505633653849
612912154208317202 939661047363017872
577416768161889560 905942918944741423
241358600189244436 354744154596200625
486687212141149085 829519961714396875
574628554729627657 608883793833234375
649022717539186471 607487311987996176
505070717722106545 505998314925198624
594027117245049106 648722804248243251
673512906056560318 957601559766709997
576742810560390093 901614322521411282
910235680343795895 467875743523200000
932686252471979235 679410213575052969
972313409328153367 337677759720823729
925054205304392442 41289799463575056
330047834944119869 457455758669238564
129840278547970159 264540231971554009
916001406696612743 354776540708588944
168331703395089315 298980864640696329
839565376741247914 232788052385624164
289858148038462753 15774405956824804
425430245657288511 150260989358495376
703918145783574984 571811211074544016
263590762828694803 476508661496260624
662966737234396932 394227098504504356
232094525882653517 392917750704521289
851422636195040749 874786722262914244
738921324434085990 81838918784450529
370016335112702844 253619603534707216
340063009337226812 441150518705290384
657376449322633141 21953215117798276
310174469290816102 803433598924619776
299978721352647953 19793006139889161
539708414835587416 194034977250820225
832152738865233770 825459215727675321
173658135275070948 591562353640904464
558765921729429079 26143541623605316
589103461341018156 17643056824554561
754873919159080025 528511565229784081
177045284427725280 272528922039322729
867045460719904761 749670622997437089
317496930964386287 145843860529898281
664630951433411135 363909715537492804
568645286516470067 800251725921274201
800813844273735842 60841177306081936
812760951679519654 110270160
149811720953494413 122522400
401607292028679037 147026880
796979089578515594 183783600
313422773880163622 245044800
820667550293328418 294053760
220684378241328197 367567200
934629900393494499 551350800
616488040965851243 698377680
101358606677683658 72779390658374400
781544715855620811 74801040398884800
384009967439873838 106858629141264000
276608053311272914 112201560598327200
106214245784857286 149602080797769600
473399104764900602 224403121196654400
892184330500106120 299204161595539200
855168782639570690 374005201994424000
2297115436626472 810000187200002167
1563646021445300 5972022909737665
122895826837872 810000208800002431
495640568591208 810000171000008881
6032492285016330 3480653845407556
340001179317360 688475081004444
3456282977504750 1707694699432960
4074136536003632 270540727602978
6532763622927700 919212268456656
7892576988208605 2937618922827204
815828539156758 810000214200008077
305609902169226 810000108000003551
155517122585783 810000120600004489
2603613699419740 810000295200025807
3002794387257440 810000354600038809
2699080419435036 6324528135848010
72232905508800 1170485163437230
2553977347098775 1184367908198445
424309703630242 810000073800001681
1271799489901185 2731382659522935
4142753319391974 810000354600038809
6403257636399159 3793520488870890
3258860493757440 810000171000008881
3605240402697600 810000208800002431
4893101442208300 810000198000002299
1776912978722644 748109334366738
5876798606626248 810000135000005561
337435674186720 9162108376465308
2050073056496685 810000376200043537
4734458445351051 810000144000005671
2304751081462281 2083121473504267
1762418684135437 1675090072941888
1257071713969172 579571605355463
47149376533875 810000252000016351
706686393672557 424251910408865
3916305525879714 810000073800001681
275651969647968 4611106453409736
3697304653248278 508553998114877
812760951679519654 110270160
149811720953494413 122522400
401607292028679037 147026880
796979089578515594 183783600
313422773880163622 245044800
820667550293328418 294053760
220684378241328197 367567200
934629900393494499 551350800
616488040965851243 698377680
3 352698345813485608
3 897755934881546482
3 592957815636910067
3 481639589320729049
3 740806236823909167
2 500822513668634209
3 514115458915755858
3 64548871199978607
2 827885850882270007
3 379154938222568965
1 46264909259629577
1 364135444292473364
3 769989296285980158
2 453748248061446522
1 772651893120343958
3 9285975037224677
1 464848336187892996
1 516989067567692015
2 94293075767254118
1 86182447295989855
1 117398704509639493
3 98442082177317806
3 629382191117519797
2 219841976907788354
3 639634837877363927
2 506282387103714061
1 661603523007659668
1 147680057030530455
1 612935041284634244
3 47701318599415672
2 343979737129607459
2 587652485643003643
2 361801609998111334
2 495576676862773060
1 68394713707661896
1 828598442725013092
1 57393574068397686
3 310384754775999682
2 833324203744816274
2 656576248806357965
1 864896338938355352
2 485311607202290382
2 633984390366241643
3 664064589775112349
3 117202630061472551
1 591870054592687459
1 27188624056974124
1 264639483002981174
3 76312994028435088
3 387068484591422609
134410559582909260 1
821466651797988730 2
725704840910668858 2
635372056446753888 3
349193281392548077 3
785747072816315561 1
643280187824056382 1
524160516678115090 2
495024725614686161 2
207637315553227035 2
487100741275545805 1
246959566561852920 1
429513383413320800 2
609462829692319886 3
91047673638855819 1
848226502101185117 1
511715939489916331 3
46504807570656137 3
438128515535347939 2
85646149732285690 2
705872807790439534 2
292424187927923989 2
249855293691958478 1
431748169283796057 1
382137808373907254 3
1675788412445620 1
209685109032366643 3
17006879197267308 3
453455613082462439 2
585602775950794555 2
503427859278749021 1
698292434980749346 1
552989866613218028 1
678515069987760579 1
544583229548220447 2
741306405050154577 2
242666325075249824 2
729099664429061202 3
430901747555880557 3
943097620407848242 3
414043051298177337 1
827922419983954862 2
756135982299869917 1
74648099510467097 2
891010810032671425 2
59479037380986357 2
674185955818196625 3
106332146366560539 1
142872253901373201 2
430323419927492202 3
202993 461975
425853 438120
177260 522707
26143 449632
468912 148460
970396 633361
404932 416033
865535 499107
10570 251403
867200 604072
748989 699701
173376 843780
461606 317462
33240 465639
244179 799135
845354 899721
80166 904429
540963 455143
768862 6863
429023 52322
1437 189419
154377 783593
681601 735017
293811 751851
247696 222143
185201 96496
55415 52909
526762 816545
324400 908620
566246 765464
347587 901772
892477 589605
931543 643752
182612 496047
968303 633403
195828 135513
875736 459649
22876 548376
721830 302738
11886 22265
937380680163139600 614889782588491410
986229777678157668 614889782588491410
934721448786109641 2
831542271480369496 6
847347585009212345 30
152026035337802351 210
281918337639688015 2310
303577696786900316 30030
322029964320655610 510510
170454955100648751 9699690
716668150126707733 223092870
924704197487871072 6469693230
635959308819043934 200560490130
433513939757367640 7420738134810
554804233287953180 304250263527210
307671614330987688 13082761331670030
558765921729429079 26143541623605316
589103461341018156 17643056824554561
754873919159080025 528511565229784081
177045284427725280 272528922039322729
867045460719904761 749670622997437089
317496930964386287 145843860529898281
664630951433411135 363909715537492804
568645286516470067 800251725921274201
800813844273735842 60841177306081936
333128803399060203 867184874663498689
455230994297645286 419316713139769344
969182406840815368 903553646447163321
364706642495440152 191851800859299025
392671001483839201 252832648760608900
814810278821232495 51421155667602889
538852127676255480 147089410591551129
218183770186603094 112694380561826569
354748100837431180 702750439366681689
581062624186306283 145469898363056569
343510987527661447 554938325614097929
479804819184478776 796865441998240000
796424980078317956 78309167444413504
842455206197110372 114470604705162304
249327612568943864 799796738233992249
854920771840527675 326981018395696681
127267424643456618 274400166423189249
160082470583119859 835207434161985600
910849148156651085 57203347949661796
632558581016755514 350205595841214369
496122111666072825 740748135878576644
546194615012987096 356624880418323729
781580468921368605 812192767816499161
755743193946884585 72140345294844304
259343247292330305 291228776422507225
911367318798709558 63315350983674724
893074672946583692 15055292944800144
330605411915959480 461619326662587289
783467707461310447 506858892516333361
420645646692038638 91807486218240004
213298646464628756 101581120815792489
599743434322607282 833304418990328464
929637453850479247 321830034298030336
787891545879040783 452754837615654025
802595783550031534 312520164767100900
770259971421490110 54340275829760064
344097865622974747 448874706516303376
773536846742981795 900028648470369609
667809103697979487 377331540895858761
596766694379860017 102428144013536784
778392003408928819 83870919910705225
541114879962833705 19865179846444321
532366533681146182 16811068862140036
382332083008026953 912819626049411136
654068933665529318 38685473858357824
734400196995450332 249107761513297296
148449459031332836 27602391609105625
175785425918481672 968508497083093849
279577182185857359 862729603140117769
325190350126305724 576607421431743849
205574322695860059 510881119967946256
394954180400517966 669726158872960225
265752781042080279 250003143009878449
964878776302225666 46236982726458225
248286414945495729 247366922848162209
476187128887698271 701548685830441024
341151502744918633 981851846600909376
644614896137616220 182015719248798009
743168647465072611 831423913329303009
994476780458031511 113270478953126401
850067507045091156 603791812759695561
631957310809630828 442783909484010000
285007222946682222 485239044965094289
793525475501849018 774879660171890064
634131463540594488 493940498914708036
685438059087619733 69322034306426841
932686252471979235 679410213575052969
972313409328153367 337677759720823729
925054205304392442 41289799463575056
330047834944119869 457455758669238564
129840278547970159 264540231971554009
916001406696612743 354776540708588944
168331703395089315 298980864640696329
839565376741247914 232788052385624164
289858148038462753 15774405956824804
425430245657288511 150260989358495376
703918145783574984 571811211074544016
263590762828694803 476508661496260624
662966737234396932 394227098504504356
232094525882653517 392917750704521289
851422636195040749 874786722262914244
738921324434085990 81838918784450529
370016335112702844 253619603534707216
340063009337226812 441150518705290384
657376449322633141 21953215117798276
310174469290816102 803433598924619776
299978721352647953 19793006139889161
539708414835587416 194034977250820225
832152738865233770 825459215727675321
173658135275070948 591562353640904464
499632295177095428 286581281702436900
288323208412222827 1
468963008911985302 576460752303423488
617816369012259331 450283905890997363
954045349783725195 288230376151711744
932921335107287720 298023223876953125
316228031513827676 789730223053602816
821036481190097131 558545864083284007
327470710005972452 144115188075855872
269538094078674253 150094635296999121
117270659196339692 1000000000000000000
561629512553208308 505447028499293771
311888869030459780 184884258895036416
680156578308186979 665416609183179841
298389395338664703 155568095557812224
944296838644620394 437893890380859375
609925237204937874 72057594037927936
946051163565700616 168377826559400929
958889548131926913 374813367582081024
315386399974850411 799006685782884121
974742636780361953 81920000000000000
601616021724586146 154472377739119461
559791145338401316 282810057883082752
703063053472575119 504036361936467383
953116499519856006 876488338465357824
377452303242263452 59604644775390625
426827146959950886 95428956661682176
330512713663417362 150094635296999121
889964599677256135 232218265089212416
694368025886618515 353814783205469041
121653288996761961 531441000000000000
318039788350695596 787662783788549761
307021322029276071 36028797018963968
261663204676112516 50542106513726817
532474174438304882 70188843638032384
457001834186155861 96549157373046875
504503539233025410 131621703842267136
656627060717240958 177917621779460413
390478190628886701 238572050223552512
114717580910267714 317475837322472439
442693035593752391 419430400000000000
186153139059194377 550329031716248441
230939416090809831 717368321110468608
137303035472223902 929293739471222707
120464674932100734 27197360938418176
243995781475551355 34050628916015625
763807938773463981 42420747482776576
141441016663969380 52599132235830049
905364673032918426 64925062108545024
690832603220402076 79792266297612001
890704382159603995 97656250000000000
771705156082031256 119042423827613001
165819355216460060 144555105949057024
284263931886372890 174887470365513049
674057879064129900 210832519264920576
558652113255907604 253295162119140625
905697181017428304 303305489096114176
450369829420878721 362033331456891249
198515402495874175 430804206899405824
689600134740496653 511116753300641401
294872500744414782 604661760000000000
849720590627757995 713342911662882601
204910545104365656 839299365868340224
790423958055631625 984930291881790849
558319573533354916 18014398509481984
944594370867630987 20711912837890625
929982182552155649 23762680013799936
304876365413859874 27206534396294947
856490141219813515 31087100296429568
175495213245196755 35452087835576229
487596161256758999 40353607000000000
971133835243867091 45848500718449031
205845260613316919 51998697814228992
768623671141841053 58871586708267913
989568481970128758 66540410775079424
118131836105218937 75084686279296875
715979813641943517 84590643846578176
880109722242978245 95151694449171437
696119708661287428 106868920913284608
790930253468691207 119851595982618319
946008324467409451 134217728000000000
812725659455417097 150094635296999121
273682812982847191 167619550409708032
637038078556989350 186940255267540403
574203712800889242 208215748530929664
903578777238094799 231616946283203125
939168821342060007 257327417311663616
897651593812788270 285544154243029527
228722244454212859 316478381828866048
150091816503239552 350356403707485209
555058065942062044 387420489000000000
358099373989416105 427929800129788411
509186291605994789 472161363286556672
527862918828884581 520411082988487293
732515572371610013 572994802228616704
662651945692959746 630249409724609375
771569472401227857 692533995824480256
451531069799796705 760231058654565217
519163789577891433 833747762130149888
739614852476217898 913517247483640899
232124620844363608 1000000000000000000