9
1
2
1
326574210
31805447
9
632905339
492630855
563650868
992262054
595418840
350217465
849705930
442374838
91987496
779820579
673190983
409472127
299583907
593916571
973562752
975893501
410495298
689006154
588187397
711343542
728478908
136290964
74422091
754337337
664243941
946814608
114070713
697702789
792690893
85117566
879344044
6527940
783788558
854998396
377059166
272652776
434599744
306749288
811527266
953241897
677804463
371351809
498907312
806885891
275429121
788991067
41502641
936397170
900949776
683220309
308135670
320060061
519803202
857018212
553603974
151271548
88129022
137347001
97112145
582186952
914890184
14468621
220169487
501062542
952848793
111689962
760446644
325039835
312168869
483551781
485490596
458160796
888523624
54718791
908107601
856109691
278047733
424074953
476702027
707187531
717956742
857962764
920484489
206655489
416339002
655229941
793616615
435676781
717373697
935394989
33582797
185349821
964133402
231588742
257967504
683372389
41993988
23044556
570718274
745805789
170693527
813560066
934232654
767389743
175650763
618190422
311432146
13881159
250483623
690388865
424755972
784242940
78712614
752417640
112093727
278431682
464338154
728557372
882586730
482989698
687017435
550750680
651770939
144566033
751470870
455119937
406650565
692083519
343184517
726335779
694019675
531661355
69020133
222612504
341651671
57445651
52193779
224678665
145220447
650601613
184127547
811571314
380203451
195140701
659079245
576717138
785757107
285624787
77794565
91526648
516085370
757047175
259474451
664221816
806862699
151491557
403407023
451756992
212965005
272140784
446326642
491036040
520852383
578718163
299634570
759719897
271382286
516113699
437430596
365223489
618314417
676431734
158625346
592832412
125269796
523067803
840184286
866351791
995890612
805346090
119979669
33524242
654917016
219031178
848169429
824148799
10001281
667364345
932497738
593565361
303838897
775484337
231468890
989677291
557656938
566764509
603980382
580959710
717981699
872710859
765536978
232211006
936335853
84011287
260579477
449794788
31206521
160260400
319603433
112172988
296249102
852126723
402169028
48833559
803386525
244845373
476949083
894828850
49965755
25437820
964839582
805554939
695507479
377109279
505105367
735089283
652232352
171432164
591030880
659283069
147656095
401136822
575398350
950109583
543111100
82453169
255849954
54080300
142405683
149881346
50009249
91894908
418353310
710319559
71106773
210137948
882659148
127473010
845243976
106725981
410537308
650331106
161332851
470241260
409217108
744198714
526314462
525145591
62840503
823982251
734257229
787588889
182946667
884941141
630122978
624101096
501133093
978202058
72986986
713000338
756422047
398367659
25196497
461420401
619270845
738914219
449130696
82337785
159247434
579918403
928432469
188440533
777766696
211326923
70867473
377504321
868105813
574392843
950109583
543111100
82453169
255849954
54080300
142405683
149881346
50009249
91894908
11875
625
25
625
1375
27
78125
59375
9
625
16
72
625
243
64
3125
48
16
81
32
8
125
625
729
25
27
24
24
24
475
3
81
243
135
32
24
64
25
2187
27
16
135
3
125
25
8
12
12
145
125
1
622211744
921254191
249486384
184767239
1
1
98244404
877511685
909901611
1
1
491925188
203517690
1
1
140684797
418999003
88324434
450967389
462354358
632540387
1
1
970643072
1
311248945
218252065
241402873
420990172
1
1
1
1
835611951
505699608
174898997
566890341
642683553
639787931
1
442274897
1
268030404
621409614
278088078
829180981
1
638126956
369147923
618190422
311432146
13881159
250483623
690388865
424755972
784242940
78712614
752417640
112093727
278431682
464338154
728557372
882586730
482989698
687017435
550750680
651770939
144566033
751470870
455119937
406650565
692083519
343184517
726335779
694019675
531661355
69020133
222612504
341651671
57445651
52193779
224678665
145220447
650601613
184127547
811571314
380203451
195140701
659079245
7775989
431521935
613609407
43236783
934206240
118748472
552347722
579266161
430896639
932737611
190436919
631472943
554440192
602032108
164246391
651444359
505105367
735089283
652232352
171432164
591030880
659283069
147656095
401136822
575398350
793185493
76476645
962768286
986572595
174591831
824839119
466833381
296022780
86375866
655326345
96991900
31848375
818626990
913618512
737592930
837524262
752518796
803672128
269876376
335540292
316290611
779851794
41981067
309136502
52733774
242746145
360353343
763656376
715274959
242677831
661762318
619673145
518213026
313488287
454928632
749116645
26292550
694178399
359352668
521977728
776507490
592878741
400710010
553644295
594174406
77409331
228954999
456602333
101532567
25338713
131627248
883293577
875677514
624618384
533543596
526836530
779856541
17197215
685098535
488331406
565788562
939916664
232451418
876624072
198868277
573011262
765536978
232211006
936335853
84011287
260579477
449794788
31206521
160260400
319603433
112172988
296249102
852126723
402169028
48833559
803386525
244845373
476949083
894828850
49965755
25437820
964839582
805554939
695507479
377109279
661356647
1
159487273
698637237
638302700
225399983
273512882
932809846
66415175
183507795
195728511
908382691
733564424
76305057
703952426
49479731
757603072
331361211
435892981
613927268
28946295
356172101
148437278
8049371
907772524
228377318
926951759
912249311
59079989
953258772
270208871
640453739
404693568
79337160
301786695
530592587
807395775
287485635
579447390
461534617
986017256
821321140
14820484
763558051
807182582
834761846
451562146
540013318
645554727
243358678
949529963
796884514
687226272
618057057
600306432
704277907
796421552
450484667
60169597
459927015
665395783
549027867
579127413
763759076
676521428
303414036
956050342
208307342
485033060
408706603
160286285
58446534
763987305
705614491
385094838
641052380
613548619
611031790
118384013
217078118
141758231
643266351
833181007
390971898
140770183
741748889
357761804
873258700
159877343
284471946
637200625
738463051
860135756
17799972
831995335
964137515
851900449
80086345
548176444
671868701
618185423
