0
90
123454321
123443210
123332100
1233321
12293445013908
1715170473480
72684192415700
1273594277543
55959542209559
11750506193640
17259423780716
21511054870248
340317126850
21047774436400
45649342380558
85964141652525
2886908071928
5216875766320
65049105786036
24526869262162
5767146377580
25191023135117
28318402970304
60550509808404
484572038189
1911520920456
29429674029040
760396923396
1636556962137
17926221951978
70622185943452
59883949669326
4494245059948
7919880374133
6273188458752
10501775220030
22926791811333
77397659802090
35068198817960
2828904496704
28353437816292
18312744062366
20185359917184
43566930213092
35154281372326
45239778892165
16992803707254
59342977487910
21124470108104
23508733392489
70810429156128
18314595799528
192650864133
9373970625750
74827972127790
13382283985257
19675258377870
21828758470136
16499011065208
22716218454300
3307011254700
73124746920336
12506972179212
24200120068278
76438380729410
1918755688878
68855062091000
37968101222170
11360879552456
41695328660314
13741702735276
3151321649460
22476467302719
2280278240625
7061434547360
23943142935306
7931965490712
36757836095622
3071254001475
11474260322777
5437241013025
5020847526870
1219979618358
47272059569700
10216834340586
35413988251147
800598619860
385868787906
8487704455982
22360524309900
60109487506629
20341790096205
562003352580
3460174456224
23108187190705
16714835865167
19573024628916
56179620723966
78790671861746
80081814293503
66842727017796
42317876898660
16157473851428
3535266821508
23587527420340
11422238427867
91517730304666
7949125553940
25813714589528
2351561427270
15105240628443
30211177390198
24517887058548
32592830181338
43530660206150
405985460480
45380624677866
1446283286650
421408515484
63892223412432
49211496778344
6593583315690
9532442461149
85419602285175
63781519000936
15180778390125
15863663093397
38009677803246
2797082743968
64966579765104
970496172702
3972004032472
37486631479868
25785752835206
9642586527090
61776550973274
20949062006880
1985691860320
38544175096689
15957758162132
30662854014238
4796633101440
10508145555432
702198980856
5144964682560
21773235247634
2816070213839
24586276057980
64529012984088
46115184053820
649858931769
1702473540967
14147429222016
6392182669911
77556501955925
21418371632500
2933683687284
39887487894276
6404299439296
4256206666200
54425273973350
57279573417850
23804701818312
9821870098593
71756976231730
10395764574993
697270376094
29960326067776
29336537531610
6324710738840
36780075341776
16183728739681
16128997459102
785234813836
18302296582150
14454908157303
39824029407904
15188021017704
6977951713252
87803795127636
31737170850000
12415630265443
8214812596045
1666422752317
2474428498572
3584620140807
7189141854884
500910307040
30667760291836
5574255313674
20899566261234
139662450954
80358899346800
29842749746102
2229251954912
18158928120333
9175641796816
11236940011059
14939493338354
2002468708660
49792805370070
14946329312238
75569757050480
9702141105510
17872247665790
38262750253000
1018994753127
25414772410170
40947885287622
22038946380005
9674458399242
3716303881164
1542494650164
14044652475872
19819240531332
820238532829
21483108112456
21284551133880
5464985110263
16688132266008
6111030892308
32939753851195
3445254545184
838259482923
68905702118760
67182277983310
47009628938832
3891568083381
56609782210574
75106941523235
15818997242763
12007305186796
40517486529205
30613859040804
71535663300720
53899245624616
16623315275793
1684542080944
14491616364698
51414945429837
51316926009660
1199750450920
18525677092920
12939176253549
5858614952947
6062049788444
82748133107163
7908714623761
9270588903068
10834724230178
49891718145318
4577286672948
4498760414378
59731188325050
55056682839242
6599610905496
37646701597505
39548958750020
37883688609024
6207541464151
29348400505984
78282637829382
11834243418499
6431487218208
50564168963572
69597378243120
17405195633056
23146972463715
26879064967755
74291875804785
55530752293770
7716338626704
1828517676260
50690920408752
36152836889292
940242327372
36767962812212
45693424668696
5096802039002
193476812220
1914012384537
46686575984439
59580758475771
3595965996894
18029740601988
91230740695670
26555810989583
20159261355924
62831574234982
436300859394
17271403828560
46703593040314
6460881300643
17043936435925
60794808515974
28842451754088
31773670788771
28227210809583
410263124023
41284445278596
18615113552218
31860856930032
19185105972353
1828382507607
2198496554464
17037127941379
27503880454620
60392376159857
18875868033776
22636773751524
31932621764736
23813173565216
15340119134195
710208354460
57476271354290
40613550990892
23228478787584
32991394596426
42520604896968
10269642702153
25127949135172
18644345146097
4115447355978
78631866207960
173147362773
6035378721638
35774809282121
17457958969820
10122999748110
1743210276168
47575316403692
47927349002388
32277799036890
70741061593500
18299588642832
63247274416555
43749003164400
16786231235823
4746278585799
16177811982176
35176970124546
52651292463348
25900747860
64449192479225
5279894541780
14994815254315
35037970634994
3457766916848
14600723921874
13374920412165
19859608547404
14618652441192
11470756345468
74489539996241
11386607822436
64928201330727
29780859311448
11955892095561
49074949936164
23919494745856
43541835227620
35440982213452
12053932555545
18858344392368
23454518906646
44612693452584
25466735922100
11134172364000
53306150105520
13638690219739
29154510877912
9207073215936
2979903594784
6536653063746
28357766084013
15392630630992
40539495648988
17508977264165
50449236831240
30219739579844
40679228648144
25017084764048
44275245399567
2155833760540
41762081717994
24446019108901
23428781911392
303796389442
67549984538739
67092787142181
40494735414925
9129838959520
27817573587177
34100973298935
34040246308910
99292659741
8324164164400
13039451329446
47057195530402
61683284829825
6875278252128
91156411162794
67589359607640
21947173980932
18517464978464
9714505395953
7472174190836
39579875512122
33056416803487
39175314909850
33102279402615
57246385374150
1710298274880
15000392767739
46399826281614
15826724570040
5884100040518
1328870910144
15412410994862
54371135164948
34760355722655
2194384423488
1648579228149
5226587676292
72860994520720
19315019346100
19096234140396
298364922891
2759014042911
6538929567560
19511003133831
4376553012629
5811258569856
74392146267490
572135277670
93717882622298
14838393798748
5187355730548
35865216995740
38098515262170
20979443391256
6686284885855
57369272802140
25388120374694
18256356996280
30839194004730
77765789037300
11923182948552
10582344048826
3036041635014
66427996928046
20128084572617
57121940049918
90793030864016
43031054982048
29279771131240
50029930759932
28299248821626
909268396357
80803266300328
19967056876650
19753147310877
15924447176722
14346209680000
259619815728
10569592630350
4753981739760
29598449294674
6641499247386
45772145097420
55494621222220
20761189927210
14874582272280
27041053396520
26571053001066
65843313713820
9389845598976
40901948461704
15358886551060
3139183473360
5885760749274
47142719440160
54868585108530
57010647656655
28526290540230
13215168261725
55749011877974
83941015296763
64216661806381
63690200558887
39125875388364
15766571773338
38325773005962
3130554246748
81150288852036
46985786290890
35166318249891
19240723199064
56324951869300
35768550519528
32115218296670
19214492907987
58623727398192
44467134534324
12932462275122
9021397716705
29062644063676
44152352486748
51093420334761
31285906796776
47109586403649
64602971500938
1582856328816
74062082278800
10538112418569
29504432157212
63895859150
4576126904688
4296347292848
43416641769540
37225384162542
12246906721680
20565315454156
5217254241198
621147078610
36471866245894
7402201634154
39692859156135
15545664603918
9360051422414
91306598965708
45553567234857
893920751775
1502015648075
45931989820302
17327348069345
18715364599576
20043373562884
989423524076
30512849982732
44190644486560
88851079726
37946153157717
2345858976495
25039331945628
37195934628398
35136547756440
2579120623250
10402450448910
15769973774454
10471024125290
31105919116988
23766291976449
70975712012190
13883428300853
42115245083022
16770446004735
14760317026098
5210865579287
9910993058982
16721074756716
1766172551562
26107976559015
79363470573958
58103626170975
3491153118250
55723586948672
4470145459844
3995956422016
1891197714168
25929832125601
66513516022362
32305881125724
14927039589627
41379586068940
10572488089666
27748517617710
26558376924652
6183800223222
22032189303085
89824832034003
17395920350150
17552294350812
20179048584350
10437820025644
22891892085281
34275825562095
12740342806640
15966553274350
51422846834400
27671790706889
21398138057230
3130050157178
2152262361075
56427303483342
37326150073088
77684137582309
3134140199708
1468072928997
57819130350072
28879394260500
8143728133128
12103992387279
737635022176
1641920316555
26395979891495
53759405253150
24223704455076
12627463229186
1203785957270
16899152650732
19315606904360
74098474427614
80688691093374
6384663555884
63939252948750
32737707853644
15271067663892
2992288130055
20115895813530
7066815019550
6461664745152
4581132339836
27213617000724
24422954671140
5510247490635
3385392127936
42366932943495
40546977633531
43136050800015
3259560967289
4409233090834
6227727602318
27434613192635
2762283232197
25844590344380
4235600851227
29245911808050
32664256881030
37114429505342
23288036311504
21936057576677
64479998916
26279384676285
1090451586995
27468785494038
2055779523855
1504919989848
1494932957025
1849276382580
46358379441314
35250935004460
13055979383937
69201503441416
57437451128628
29208891860007
27576341692630
63140135013208
2784039280608
11510905839275
13326417037098
5458177403822
43013791354880
13987114540584
53021509716942
1725129186272
13380192766733
85364906442816
9054895335510
74177902043469
11209973417984
51213691476486
24085157642
352305152024
4868744154016
5418392863288
54298692721575
3561208688320
8890519361262
30882739460609
15044359159776
43591069591902
51457178739228
9145065413902
74099621104432
28333075186504
43397031377155
54553644150600
52394747783094
30457125071472
6525584319278
8428209196680
52481317920843
9666467997207
5435671891475
14639032057920
38785623748245
8828253597820
23504172396640
5125960001921
36588403970720
34650570612601
4588355557050
21646638438400
15095783967168
57029794179828
28585421029620
41767601175532
48811550549520
12823964250693
27014538302524
14773452439700
48781445964816
503072664094
1214092725296
74638690395185
1686096897074
56523463291656
24347592685480
15855976254836
72025488238615
3567469083628
6456583266965
17135948891080
21160918448812
33422181281965
5842329202995
11070422934644
54166115187444
18843826558300
8823419777454
45805974604738
36543084175185
707944697082
31268529168785
7088480857194
6543799843750
19474712378440
45237025619628
14542873148712
58757409481872
25506259659216
217114495675
81954863350
75122823667496
11478395339586
58335497139040
1733520469746
39914162666004
11358906736650
74060316877137
65592785051230
41455462758996
29113873392256
6641063840160
36792417398700
1169696151630
11781183446421
16853163731448
40761036456635
53942392610997
4080196480154
31718200460830
6953564399844
2237753697990
29801634774220
34448604554212
41175111179412
8955635103135
8510327970750
29825453711092
20979080889425
35584847537408
17664787271430
35714470346665
56660945666015
49492073970161
42952665501040
2726416855184
4707462643208
1348163951568
22604139152588
17486508829544
3125271464580
23664109486260
73625597632398
889889734721
34920522214080
49456117598184
71664010404912
41062453616385
5852367023589
35109394504464
15209037193630
29674854327802
13589843390692
47753647433423
1036012619906
23652097533870
10866011750028
10325492005920
33275924682552
15726877141055
2780627660616
26375399933858
25138930466038
5661593272104
4814200496880
80271540234914
30592559275916
88162686580224
8039300729640
5502362709391
22662083321799
43431209412721
48928155209381
6322072658902
31345211781248
26630008108128
24843778371900
30239953522338
45723001924090
4629214289108
1816928739725
4909571675528
36187729991532
6106167345616
44314783460640
40449136320645
6138183323636
3050126197162
3191785324680
50667223858316
10339337377503
3712006452700
11124218198142
14449910993538
7737927963876
4125643051101
7010454918160
20955823250082
36289166238000
7870358988624
13189528187784
26895827638224
46608353826699
2205758406334
33953343864151
32432651310297
15837488346414
40325510865519
7404107304968
10088113860506
588360455683
7466284289849
23666784262869
40138815711150
53908339091280
31658933801061
27257857915200
15703535124702
16549257742980
80286115901661
4999739815532
2666852419764
19224023417290
68103692554374
52752027252849
35310899521422
30609784680150
883809447235
29191365024480
3578121175475
24836534136135
349310491747
73606084938972
1076779011950
63786075254685
1800152074680
33424516353345
8403794892234
11520888478864
682571692762
15266416493460
96114816167460
10340056450872
26138671240464
60689412748630
75521785401648
2375180612120
31272791828200
79432653679744
595824263991
19109746317820
11365862824959
7856080233300
72613783385066
29496058048023
30229399402910
15452950320744
14800703232921
64858988757452
12666750003648
12956473863910
28033871619830
10269444423560
962876307922
13796148729650
10645578673172
1808779643430
26058407478370
38703161576534
36044307627125
26644461331192
16609723140108
51626230179336
8014265105594
34683722464083
60996917325937
30451344279084
1428319615113
10721147714832
7398424374292
23780506732980
1415436090624
10223124172800
33045384062664
16076121275064
22074294361560
33516476623273
757002416456
46703632217400
2338362275367
63214088199240
28902240275914
3992127083696
23087108725864
21105751643001
51184043720021
14942722708302
39352796580
8128030489635
18856321499124
65223576869376
20550741565728
51891487314784
23138719864842
29050720349289
22034382981315
73941653058108
43182976203768
31042668303324
56604531237240
8987188575508
13115830423932
18586214799040
13451381800886
28820174133780
13228033600850
7777303361100
80175501204065
3395915430600
4051228650672
59928638146637
15617905501440
55136068185910
11610601323400
4357259143545
14984575937996
25445220373344
38651510906250
63009571452182
2886800595506
29540704549245
24579645542450
1796873731247
20108842672200
44399185944258
18753591360500
9585515831952
7359926953456
76309393875005
24136942551092
40651577007981
11289895400064
133588931400
8549374625876
37788661523253
4342040063650
65479407497974
25466876097264
86293329321824
2607749164650
48229067543580
29961791743312
30634988882418
76806631795376
16399766202036
2985195248287
77015805427180
9033059253939
33003942196605
6262137064032
13105095947515
