1 32
2 3
4 5
6 7
8 9
10 11
12 13
14 15
16 17
18 19
20 21
22 23
24 25
26 27
28 29
30 31
1 30
2 4
6 8
10 12
14 16
18 20
22 24
26 28
1 26
2 6
10 14
18 22
32 9
30 8
29 7
26 6
31 5
28 2
1 27
3 4
10 11
12 13
14 15
16 17
18 19
20 21
22 23
24 25
1 24
32 30
29 26
31 28
3 10
12 14
16 18
20 22
1 20
32 29
31 3
12 16
32 29
31 27
30 26
28 24
19 23
18 22
25 21
16 20
15 17
12 13
14 11
10 9
5 6
8 4
1 7
2 3
1 2
32 31
30 28
19 18
25 16
15 12
14 10
5 8
1 5
32 30
19 25
15 14
1 64
2 3
4 5
6 7
8 9
10 11
12 13
14 15
16 17
18 19
20 21
22 23
24 25
26 27
28 29
30 31
32 33
34 35
36 37
38 39
40 41
42 43
44 45
46 47
48 49
50 51
52 53
54 55
56 57
58 59
60 61
62 63
1 62
2 4
6 8
10 12
14 16
18 20
22 24
26 28
30 32
34 36
38 40
42 44
46 48
50 52
54 56
58 60
1 58
2 6
10 14
18 22
26 30
34 38
42 46
50 54
1 50
2 10
18 26
34 42
32 5
30 4
1 31
2 3
6 7
8 9
10 11
12 13
14 15
16 17
18 19
20 21
22 23
24 25
26 27
28 29
1 28
32 30
2 6
8 10
12 14
16 18
20 22
24 26
1 24
32 2
8 12
16 20
29 32
28 31
27 30
25 26
24 21
23 19
18 17
15 16
14 10
22 9
12 6
1 20
2 3
4 5
7 8
11 13
1 11
29 28
27 25
24 23
18 15
14 22
12 2
4 7
1 4
29 27
24 18
14 12
1 2
31 6
28 4
32 2
1 30
3 5
7 8
9 10
11 12
13 14
15 16
17 18
19 20
21 22
23 24
25 26
27 29
1 27
31 28
32 3
7 9
11 13
15 17
19 21
23 25
1 23
31 32
7 11
15 19
32 28
31 27
26 19
30 18
25 16
29 15
23 10
24 5
20 4
1 22
2 3
6 7
8 9
11 12
13 14
17 21
1 17
32 31
26 30
25 29
23 24
20 2
6 8
11 13
1 11
32 26
25 23
20 6
64 25
58 24
62 21
59 19
63 18
61 17
57 15
56 13
60 11
55 10
54 9
53 6
52 3
51 2
1 50
4 5
7 8
12 14
16 20
22 23
26 27
28 29
30 31
32 33
34 35
36 37
38 39
40 41
42 43
44 45
46 47
48 49
1 48
64 58
62 59
63 61
57 56
60 55
54 53
52 51
4 7
12 16
22 26
28 30
32 34
36 38
40 42
44 46
1 44
64 62
63 57
60 54
52 4
12 22
28 32
36 40
1 36
64 63
60 52
12 28
16 7
15 6
10 5
14 2
1 13
3 4
8 9
11 12
1 11
16 15
10 14
3 8
1 3
16 10
32 13
29 6
30 3
1 31
2 4
5 7
8 9
10 11
12 14
15 16
17 18
19 20
21 22
23 24
25 26
27 28
1 27
32 29
30 2
5 8
10 12
15 17
19 21
23 25
1 23
32 30
5 10
15 19
64 38
63 37
62 35
61 34
55 30
59 29
58 28
57 27
54 25
56 22
48 20
60 19
53 17
50 13
51 12
52 10
49 8
47 7
46 6
1 45
2 3
4 5
9 11
14 15
16 18
21 23
24 26
31 32
33 36
39 40
41 42
43 44
1 43
64 63
62 61
55 59
58 57
54 56
48 60
53 50
51 52
49 47
46 2
4 9
14 16
21 24
31 33
39 41
1 39
64 62
55 58
54 48
53 51
49 46
4 14
21 31
1 21
64 55
54 53
49 4
64 8
63 6
53 4
62 3
1 61
2 5
7 9
10 11
12 13
14 15
16 17
18 19
20 21
22 23
24 25
26 27
28 29
30 31
32 33
34 35
36 37
38 39
40 41
42 43
44 45
46 47
48 49
50 51
52 54
55 56
57 58
59 60
1 59
64 63
53 62
2 7
10 12
14 16
18 20
22 24
26 28
30 32
34 36
38 40
42 44
46 48
50 52
55 57
1 55
64 53
2 10
14 18
22 26
30 34
38 42
46 50
1 46
64 2
14 22
30 38
31 20
32 17
30 11
29 10
25 8
26 7
24 6
1 28
2 3
4 5
9 12
13 14
15 16
18 19
21 22
23 27
1 23
31 32
30 29
25 26
24 2
4 9
13 15
18 21
1 18
31 30
25 24
4 13
6 8
3 7
5 4
1 2
1 5
6 3
30 15
32 11
31 8
26 7
25 6
27 2
1 29
3 4
5 9
10 12
13 14
16 17
18 19
20 21
22 23
24 28
1 24
30 32
31 26
25 27
3 5
10 13
16 18
20 22
1 20
30 31
25 3
10 16
32 25
31 24
30 19
29 14
23 11
20 10
28 6
27 5
1 26
2 3
4 7
8 9
12 13
15 16
17 18
21 22
1 21
32 31
30 29
23 20
28 27
2 4
8 12
15 17
1 15
32 30
23 28
2 8
29 18
32 17
30 12
31 10
27 9
28 8
26 5
24 2
1 25
3 4
6 7
11 13
14 15
16 19
20 21
22 23
1 22
29 32
30 31
27 28
26 24
3 6
11 14
16 20
1 16
29 30
27 26
3 11
64 38
63 37
62 33
61 31
59 29
60 28
52 27
58 26
57 24
56 23
54 18
55 16
51 15
50 13
47 8
53 5
46 3
1 49
2 4
6 7
9 10
11 12
14 17
19 20
21 22
25 30
32 34
35 36
39 40
41 42
43 44
45 48
1 45
64 63
62 61
59 60
52 58
57 56
54 55
51 50
47 53
46 2
6 9
11 14
19 21
25 32
35 39
41 43
1 41
64 62
59 52
57 54
51 47
46 6
11 19
25 35
1 25
64 59
57 51
46 11
1 32
2 3
4 5
6 7
8 9
10 11
12 13
14 15
16 17
18 19
20 21
22 23
24 25
26 27
28 29
30 31
1 30
2 4
6 8
10 12
14 16
18 20
22 24
26 28
1 26
2 6
10 14
18 22
64 13
63 11
57 10
61 8
62 4
56 3
60 2
1 59
5 6
7 9
12 14
15 16
17 18
19 20
21 22
23 24
25 26
27 28
29 30
31 32
33 34
35 36
37 38
39 40
41 42
43 44
45 46
47 48
49 50
51 52
53 54
55 58
1 55
64 63
57 61
62 56
60 5
7 12
15 17
19 21
23 25
27 29
31 33
35 37
39 41
43 45
47 49
51 53
1 51
64 57
62 60
7 15
19 23
27 31
35 39
43 47
1 43
64 62
7 19
27 35
1 2
62 52
59 47
60 46
64 43
55 42
61 37
63 35
58 34
57 33
53 29
51 28
54 25
50 23
48 22
45 21
44 20
49 19
40 17
39 15
38 13
56 10
41 8
36 7
32 6
1 31
2 3
4 5
9 11
12 14
16 18
24 26
27 30
1 27
62 59
60 64
55 61
63 58
57 53
51 54
50 48
45 44
49 40
39 38
56 41
36 32
2 4
9 12
16 24
1 16
62 60
55 63
57 51
50 45
49 39
56 36
2 9
1 2
62 55
57 50
49 56
31 7
30 3
1 32
2 4
5 6
8 9
10 11
12 13
14 15
16 17
18 19
20 21
22 23
24 25
26 27
28 29
1 28
31 30
2 5
8 10
12 14
16 18
20 22
24 26
1 24
31 2
8 12
16 20
7 8
1 6
2 3
4 5
1 4
7 2
64 30
63 24
59 22
62 17
61 16
55 11
60 10
56 9
58 6
53 5
57 3
1 54
2 4
7 8
12 13
14 15
18 19
20 21
23 25
26 27
28 29
31 32
33 34
35 36
37 38
39 40
41 42
43 44
45 46
47 48
49 50
51 52
1 51
64 63
59 62
61 55
60 56
58 53
57 2
7 12
14 18
20 23
26 28
31 33
35 37
39 41
43 45
47 49
1 47
64 59
61 60
58 57
7 14
20 26
31 35
39 43
1 39
64 61
58 7
20 31
64 55
63 54
62 52
61 51
60 45
56 44
59 43
58 42
57 41
53 38
50 33
48 32
47 31
49 30
40 26
34 24
46 23
39 22
37 20
36 19
35 14
27 13
25 11
28 10
29 8
21 7
18 6
16 2
1 17
3 4
5 9
12 15
1 12
64 63
62 61
60 56
59 58
57 53
50 48
47 49
40 34
46 39
37 36
35 27
25 28
29 21
18 16
3 5
1 3
64 62
60 59
57 50
47 40
46 37
35 25
29 18
1 29
64 60
57 47
46 35
63 30
64 27
62 26
59 23
58 20
56 19
60 17
57 15
61 14
53 11
1 55
2 3
4 5
6 7
8 9
10 12
13 16
18 21
22 24
25 28
29 31
32 33
34 35
36 37
38 39
40 41
42 43
44 45
46 47
48 49
50 51
52 54
1 52
63 64
62 59
58 56
60 57
61 53
2 4
6 8
10 13
18 22
25 29
32 34
36 38
40 42
44 46
48 50
1 48
63 62
58 60
61 2
6 10
18 25
32 36
40 44
1 40
63 58
61 6
18 32
56 29
64 25
62 24
61 22
60 21
63 20
59 19
54 17
58 14
57 13
55 12
53 10
52 9
51 3
50 2
1 49
4 5
6 7
8 11
15 16
18 23
26 27
28 30
31 32
33 34
35 36
37 38
39 40
41 42
43 44
45 46
47 48
1 47
56 64
62 61
60 63
59 54
58 57
55 53
52 51
50 4
6 8
15 18
26 28
31 33
35 37
39 41
43 45
1 43
56 62
60 59
58 55
52 50
6 15
26 31
35 39
1 35
56 60
58 52
6 26
14 9
16 8
11 7
13 5
1 15
2 3
4 6
10 12
1 10
14 16
11 13
2 4
1 2
14 11
64 47
58 46
63 45
61 44
62 42
57 41
60 40
55 38
53 37
54 34
59 33
52 32
56 31
51 30
49 29
43 28
50 27
25 26
48 22
39 15
23 14
35 13
36 10
24 9
19 8
21 6
16 5
20 4
12 2
1 18
3 7
11 17
1 11
64 58
63 61
62 57
60 55
53 54
59 52
56 51
49 43
50 25
48 39
23 35
36 24
19 21
16 20
12 3
1 12
64 63
62 60
53 59
56 49
50 48
23 36
19 16
1 19
64 62
53 56
50 23
1 2
64 11
63 9
62 7
58 6
61 4
60 3
59 2
1 57
5 8
10 12
13 14
15 16
17 18
19 20
21 22
23 24
25 26
27 28
29 30
31 32
33 34
35 36
37 38
39 40
41 42
43 44
45 46
47 48
49 50
51 52
53 54
55 56
1 55
64 63
62 58
61 60
59 5
10 13
15 17
19 21
23 25
27 29
31 33
35 37
39 41
43 45
47 49
51 53
1 51
64 62
61 59
10 15
19 23
27 31
35 39
43 47
1 43
64 61
10 19
27 35
62 10
60 8
63 6
64 5
61 2
1 59
3 4
7 9
11 12
13 14
15 16
17 18
19 20
21 22
23 24
25 26
27 28
29 30
31 32
33 34
35 36
37 38
39 40
41 42
43 44
45 46
47 48
49 50
51 52
53 54
55 56
57 58
1 57
62 60
63 64
61 3
7 11
13 15
17 19
21 23
25 27
29 31
33 35
37 39
41 43
45 47
49 51
53 55
1 53
62 63
61 7
13 17
21 25
29 33
37 41
45 49
1 45
62 61
13 21
29 37
29 7
32 6
1 31
2 3
4 5
8 9
10 11
12 13
14 15
16 17
18 19
20 21
22 23
24 25
26 27
28 30
1 28
29 32
2 4
8 10
12 14
16 18
20 22
24 26
1 24
29 2
8 12
16 20
8 2
1 7
3 4
5 6
1 5
8 3
16 11
12 10
14 8
15 3
1 13
2 4
5 6
7 9
1 7
16 12
14 15
2 5
1 2
16 14
64 32
59 31
61 30
63 28
60 27
58 25
62 22
56 20
54 19
57 18
53 17
49 16
55 15
52 14
51 12
50 10
46 9
43 8
45 7
47 6
42 5
1 48
2 3
4 11
13 21
23 24
26 29
33 34
35 36
37 38
39 40
41 44
1 41
64 59
61 63
60 58
62 56
54 57
53 49
55 52
51 50
46 43
45 47
42 2
4 13
23 26
33 35
37 39
1 37
64 61
60 62
54 53
55 51
46 45
42 4
23 33
1 23
64 60
54 55
46 42
31 21
32 20
30 18
28 16
29 12
27 11
24 10
26 9
25 8
23 7
22 6
19 5
17 4
15 3
14 2
1 13
1 14
31 32
30 28
29 27
24 26
25 23
22 19
17 15
1 17
31 30
29 24
25 22
63 34
59 28
62 26
61 25
57 23
64 22
60 18
54 15
58 12
56 11
55 9
51 8
53 7
48 6
52 5
50 4
49 3
47 2
1 46
10 13
14 16
17 19
20 21
24 27
29 30
31 32
33 35
36 37
38 39
40 41
42 43
44 45
1 44
63 59
62 61
57 64
60 54
58 56
55 51
53 48
52 50
49 47
10 14
17 20
24 29
31 33
36 38
40 42
1 40
63 62
57 60
58 55
53 52
49 10
17 24
31 36
1 31
63 57
58 53
49 17
63 56
64 54
60 53
61 52
59 51
57 50
62 47
58 46
48 45
49 44
40 41
55 38
42 37
43 36
33 34
39 32
35 31
29 30
28 22
24 19
25 15
23 13
27 12
21 11
26 3
17 2
1 20
4 5
6 7
8 9
10 14
16 18
1 16
63 64
60 61
59 57
62 58
48 49
40 55
42 43
33 39
35 29
28 24
25 23
27 21
26 17
4 6
8 10
1 8
63 60
59 62
48 40
42 33
35 28
25 27
26 4
1 26
63 59
48 42
35 25
32 21
30 17
29 9
28 4
19 3
31 2
1 27
5 6
7 8
10 11
12 13
14 15
16 18
20 22
23 24
25 26
1 25
32 30
29 28
19 31
5 7
10 12
14 16
20 23
1 20
32 29
19 5
10 14
8 7
6 3
4 2
1 5
1 4
8 6
30 7
32 6
31 5
29 3
26 2
1 28
4 8
9 10
11 12
13 14
15 16
17 18
19 20
21 22
23 24
25 27
1 25
30 32
31 29
26 4
9 11
13 15
17 19
21 23
1 21
30 31
26 9
13 17
64 6
63 5
62 2
1 61
3 4
7 8
9 10
11 12
13 14
15 16
17 18
19 20
21 22
23 24
25 26
27 28
29 30
31 32
33 34
35 36
37 38
39 40
41 42
43 44
45 46
47 48
49 50
51 52
53 54
55 56
57 58
59 60
1 59
64 63
62 3
7 9
11 13
15 17
19 21
23 25
27 29
31 33
35 37
39 41
43 45
47 49
51 53
55 57
1 55
64 62
7 11
15 19
23 27
31 35
39 43
47 51
1 47
64 7
15 23
31 39
1 64
2 3
4 5
6 7
8 9
10 11
12 13
14 15
16 17
18 19
20 21
22 23
24 25
26 27
28 29
30 31
32 33
34 35
36 37
38 39
40 41
42 43
44 45
46 47
48 49
50 51
52 53
54 55
56 57
58 59
60 61
62 63
1 62
2 4
6 8
10 12
14 16
18 20
22 24
26 28
30 32
34 36
38 40
42 44
46 48
50 52
54 56
58 60
1 58
2 6
10 14
18 22
26 30
34 38
42 46
50 54
1 50
2 10
18 26
34 42
62 14
64 13
61 12
60 11
63 10
59 9
58 6
57 5
56 3
1 55
2 4
7 8
15 16
17 18
19 20
21 22
23 24
25 26
27 28
29 30
31 32
33 34
35 36
37 38
39 40
41 42
43 44
45 46
47 48
49 50
51 52
53 54
1 53
62 64
61 60
63 59
58 57
56 2
7 15
17 19
21 23
25 27
29 31
33 35
37 39
41 43
45 47
49 51
1 49
62 61
63 58
56 7
17 21
25 29
33 37
41 45
1 41
62 63
56 17
25 33
30 17
29 15
31 14
27 13
32 12
28 10
26 6
22 4
21 2
1 25
3 5
7 8
9 11
16 18
19 20
23 24
1 23
30 29
31 27
32 28
26 22
21 3
7 9
16 19
1 16
30 31
32 26
21 7
6 8
7 3
5 2
1 4
1 5
6 7
1 2
32 23
31 21
28 20
27 19
24 18
29 14
26 11
25 9
30 5
1 22
2 3
4 6
7 8
10 12
13 15
16 17
1 16
32 31
28 27
24 29
26 25
30 2
4 7
10 13
1 10
32 28
24 26
30 4
30 32
28 31
26 29
25 27
24 23
22 21
19 20
18 17
15 12
7 9
14 8
13 5
1 16
2 3
4 6
10 11
1 10
30 28
26 25
24 22
19 18
15 7
14 13
2 4
1 2
30 26
24 19
15 14
32 6
30 5
27 2
1 31
3 4
7 8
9 10
11 12
13 14
15 16
17 18
19 20
21 22
23 24
25 26
28 29
1 28
32 30
27 3
7 9
11 13
15 17
19 21
23 25
1 23
32 27
7 11
15 19
64 14
63 13
62 6
61 3
59 2
1 60
4 5
7 8
9 10
11 12
15 16
17 18
19 20
21 22
23 24
25 26
27 28
29 30
31 32
33 34
35 36
37 38
39 40
41 42
43 44
45 46
47 48
49 50
51 52
53 54
55 56
57 58
1 57
64 63
62 61
59 4
7 9
11 15
17 19
21 23
25 27
29 31
33 35
37 39
41 43
45 47
49 51
53 55
1 53
64 62
59 7
11 17
21 25
29 33
37 41
45 49
1 45
64 59
11 21
29 37
28 6
31 5
32 3
30 2
1 29
4 7
8 9
10 11
12 13
14 15
16 17
18 19
20 21
22 23
24 25
26 27
1 26
28 31
32 30
4 8
10 12
14 16
18 20
22 24
1 22
28 32
4 10
14 18
16 2
1 15
3 4
5 6
7 8
9 10
11 12
13 14
1 13
16 3
5 7
9 11
1 9
16 5
16 7
9 6
15 5
11 4
13 3
1 14
2 8
10 12
1 10
16 9
15 11
13 2
1 13
16 15
8 3
5 2
1 7
4 6
1 4
8 5
16 3
1 15
2 4
5 6
7 8
9 10
11 12
13 14
1 13
16 2
5 7
9 11
1 9
16 5
61 41
63 37
64 35
59 34
62 33
60 32
58 24
50 23
56 20
55 19
57 17
53 16
48 14
49 11
46 7
47 4
51 2
1 54
3 5
6 8
9 10
12 13
15 18
21 22
25 26
27 28
29 30
31 36
38 39
40 42
43 44
45 52
1 45
61 63
64 59
62 60
58 50
56 55
57 53
48 49
46 47
51 3
6 9
12 15
21 25
27 29
31 38
40 43
1 40
61 64
62 58
56 57
48 46
51 6
12 21
27 31
1 27
61 62
56 48
51 12
14 2
1 16
3 4
5 6
7 8
9 10
11 12
13 15
1 13
14 3
5 7
9 11
1 9
14 5
16 5
15 3
1 14
2 4
6 7
8 9
10 11
12 13
1 12
16 15
2 6
8 10
1 8
16 2
1 16
2 3
4 5
6 7
8 9
10 11
12 13
14 15
1 14
2 4
6 8
10 12
1 10
2 6
11 16
10 15
12 14
9 13
8 7
6 4
1 5
2 3
1 2
11 10
12 9
8 6
1 8
11 12
64 12
63 11
62 10
61 6
57 4
60 3
1 59
2 5
7 8
9 13
14 15
16 17
18 19
20 21
22 23
24 25
26 27
28 29
30 31
32 33
34 35
36 37
38 39
40 41
42 43
44 45
46 47
48 49
50 51
52 53
54 55
56 58
1 56
64 63
62 61
57 60
2 7
9 14
16 18
20 22
24 26
28 30
32 34
36 38
40 42
44 46
48 50
52 54
1 52
64 62
57 2
9 16
20 24
28 32
36 40
44 48
1 44
64 57
9 20
28 36
64 10
63 9
57 5
59 2
1 62
3 4
6 7
8 11
12 13
14 15
16 17
18 19
20 21
22 23
24 25
26 27
28 29
30 31
32 33
34 35
36 37
38 39
40 41
42 43
44 45
46 47
48 49
50 51
52 53
54 55
56 58
60 61
1 60
64 63
57 59
3 6
8 12
14 16
18 20
22 24
26 28
30 32
34 36
38 40
42 44
46 48
50 52
54 56
1 54
64 57
3 8
14 18
22 26
30 34
38 42
46 50
1 46
64 3
14 22
30 38
15 16
12 14
10 13
9 11
7 8
1 6
2 3
4 5
1 4
15 12
10 9
7 2
1 7
15 10
32 29
30 28
25 26
31 24
27 23
21 22
18 20
17 19
15 16
12 14
11 13
9 10
7 8
5 6
2 3
1 4
1 2
32 30
25 31
27 21
18 17
15 12
11 9
7 5
1 7
32 25
27 18
15 11
1 4
2 3
1 2
30 15
28 13
29 11
31 10
26 6
25 4
1 32
2 3
5 7
8 9
12 14
16 17
18 19
20 21
22 23
24 27
1 24
30 28
29 31
26 25
2 5
8 12
16 18
20 22
1 20
30 29
26 2
8 16
61 64
60 63
54 62
52 59
50 58
47 57
46 56
45 55
44 53
42 51
41 49
40 48
39 43
36 35
38 32
37 31
34 28
33 26
30 21
27 16
29 14
25 13
23 12
18 11
24 9
19 8
20 6
22 5
15 2
1 17
3 4
7 10
1 7
61 60
54 52
50 47
46 45
44 42
41 40
39 36
38 37
34 33
30 27
29 25
23 18
24 19
20 22
15 3
1 15
61 54
50 46
44 41
39 38
34 30
29 23
24 20
1 24
61 50
44 39
34 29
15 4
16 3
1 14
2 5
6 7
8 9
10 11
12 13
1 12
15 16
2 6
8 10
1 8
15 2
16 7
10 6
13 5
9 2
1 15
3 4
8 11
12 14
1 12
16 10
13 9
3 8
1 3
16 13
32 15
31 11
28 9
25 8
30 5
29 3
26 2
1 27
4 6
7 10
12 13
14 16
17 18
19 20
21 22
23 24
1 23
32 31
28 25
30 29
26 4
7 12
14 17
19 21
1 19
32 28
30 26
7 14
3 4
1 2
1 3
29 12
31 11
30 8
32 6
27 4
28 2
1 26
3 5
7 9
10 13
14 15
16 17
18 19
20 21
22 23
24 25
1 24
29 31
30 32
27 28
3 7
10 14
16 18
20 22
1 20
29 30
27 3
10 16
59 31
64 30
61 28
63 24
57 23
62 20
58 17
60 16
54 15
56 14
55 12
51 11
53 9
50 8
48 5
49 4
43 2
1 52
3 6
7 10
13 18
19 21
22 25
26 27
29 32
33 34
35 36
37 38
39 40
41 42
44 45
46 47
1 46
59 64
61 63
57 62
58 60
54 56
55 51
53 50
48 49
43 3
7 13
19 22
26 29
33 35
37 39
41 44
1 41
59 61
57 58
54 55
53 48
43 7
19 26
33 37
1 33
59 57
54 53
43 19
63 51
61 50
59 48
60 47
64 45
62 44
58 43
57 42
54 41
55 40
53 35
52 34
56 33
49 32
46 30
39 29
38 28
36 24
27 20
37 19
31 17
22 13
18 12
26 8
23 4
21 3
1 25
2 5
6 7
9 10
11 14
15 16
1 15
63 61
59 60
64 62
58 57
54 55
53 52
56 49
46 39
38 36
27 37
31 22
18 26
23 21
2 6
9 11
1 9
63 59
64 58
54 53
56 46
38 27
31 18
23 2
1 23
63 64
54 56
38 31
15 3
16 2
1 14
4 5
6 7
8 9
10 11
12 13
1 12
15 16
4 6
8 10
1 8
15 4
32 10
29 7
31 6
30 5
26 4
1 28
2 3
8 9
11 12
13 14
15 16
17 18
19 20
21 22
23 24
25 27
1 25
32 29
31 30
26 2
8 11
13 15
17 19
21 23
1 21
32 31
26 8
13 17
16 9
15 8
14 4
13 3
1 12
2 5
6 7
10 11
1 10
16 15
14 13
2 6
1 2
16 14
64 10
62 9
63 8
60 2
1 61
3 4
5 6
7 11
12 13
14 15
16 17
18 19
20 21
22 23
24 25
26 27
28 29
30 31
32 33
34 35
36 37
38 39
40 41
42 43
44 45
46 47
48 49
50 51
52 53
54 55
56 57
58 59
1 58
64 62
63 60
3 5
7 12
14 16
18 20
22 24
26 28
30 32
34 36
38 40
42 44
46 48
50 52
54 56
1 54
64 63
3 7
14 18
22 26
30 34
38 42
46 50
1 46
64 3
14 22
30 38
7 8
4 6
3 5
1 2
1 3
7 4
3 4
1 2
1 3
6 7
8 4
1 5
2 3
1 2
6 8
1 8
2 3
4 5
6 7
1 6
2 4
64 16
63 15
62 12
61 8
57 3
60 2
1 59
4 5
6 7
9 10
11 13
14 17
18 19
20 21
22 23
24 25
26 27
28 29
30 31
32 33
34 35
36 37
38 39
40 41
42 43
44 45
46 47
48 49
50 51
52 53
54 55
56 58
1 56
64 63
62 61
57 60
4 6
9 11
14 18
20 22
24 26
28 30
32 34
36 38
40 42
44 46
48 50
52 54
1 52
64 62
57 4
9 14
20 24
28 32
36 40
44 48
1 44
64 57
9 20
28 36
16 14
15 11
12 9
8 7
13 4
1 10
2 3
5 6
1 5
16 15
12 8
13 2
1 13
16 12
64 17
60 15
62 14
58 12
59 11
63 10
57 9
61 6
56 5
54 3
53 2
1 55
4 7
8 13
16 18
19 20
21 22
23 24
25 26
27 28
29 30
31 32
33 34
35 36
37 38
39 40
41 42
43 44
45 46
47 48
49 50
51 52
1 51
64 60
62 58
59 63
57 61
56 54
53 4
8 16
19 21
23 25
27 29
31 33
35 37
39 41
43 45
47 49
1 47
64 62
59 57
56 53
8 19
23 27
31 35
39 43
1 39
64 59
56 8
23 31
60 64
59 63
62 61
57 58
55 56
51 52
54 46
50 41
53 40
47 39
49 37
45 35
44 33
38 32
48 31
43 30
36 29
42 23
28 20
27 19
25 18
26 16
24 14
34 11
21 10
15 5
9 4
17 2
1 22
3 6
7 8
12 13
1 12
60 59
62 57
55 51
54 50
53 47
49 45
44 38
48 43
36 42
28 27
25 26
24 34
21 15
9 17
3 7
1 3
60 62
55 54
53 49
44 48
36 28
25 24
21 9
1 21
60 55
53 44
36 25
31 14
32 13
28 12
29 11
30 9
27 8
26 7
24 5
25 3
21 2
1 23
4 6
10 15
16 17
18 19
20 22
1 20
31 32
28 29
30 27
26 24
25 21
4 10
16 18
1 16
31 28
30 26
25 4
24 32
23 31
22 30
21 29
18 28
17 27
16 26
15 25
14 20
13 19
10 11
8 7
12 6
9 2
1 5
3 4
1 3
24 23
22 21
18 17
16 15
14 13
10 8
12 9
1 12
24 22
18 16
14 10
16 8
14 7
15 5
12 3
1 13
2 4
6 9
10 11
1 10
16 14
15 12
2 6
1 2
16 15
28 32
27 31
24 30
23 29
22 26
21 25
20 19
17 18
15 14
16 13
10 12
8 11
7 9
4 3
6 2
1 5
1 6
28 27
24 23
22 21
20 17
15 16
10 8
7 4
1 7
28 24
22 20
15 10
64 43
61 40
63 39
56 38
57 36
58 35
62 34
53 33
60 30
55 28
59 27
51 21
54 20
52 19
50 14
49 12
41 8
46 7
48 3
45 2
1 47
4 5
6 9
10 11
13 15
16 17
18 22
23 24
25 26
29 31
32 37
42 44
1 42
64 61
63 56
57 58
62 53
60 55
59 51
54 52
50 49
41 46
48 45
4 6
10 13
16 18
23 25
29 32
1 29
64 63
57 62
60 59
54 50
41 48
4 10
16 23
1 16
64 57
60 54
41 4
27 8
32 6
26 3
1 31
2 4
5 7
9 10
11 12
13 14
15 16
17 18
19 20
21 22
23 24
25 28
29 30
1 29
27 32
26 2
5 9
11 13
15 17
19 21
23 25
1 23
27 26
5 11
15 19
31 22
30 20
32 16
29 13
28 12
26 10
27 9
25 8
24 4
1 23
2 3
5 6
7 11
14 15
17 18
19 21
1 19
31 30
32 29
28 26
27 25
24 2
5 7
14 17
1 14
31 32
28 27
24 5
15 6
14 5
11 4
16 3
13 2
1 12
7 8
9 10
1 9
15 14
11 16
13 7
1 13
15 11
28 19
32 15
31 14
30 11
27 8
29 6
23 5
1 26
2 3
4 7
9 10
12 13
16 17
18 20
21 22
24 25
1 24
28 32
31 30
27 29
23 2
4 9
12 16
18 21
1 18
28 31
27 23
4 12
